H00 SPS format version number    SPS 2.1    
H01 Description of survey area   Beaver Path Line, Campbell Siver, BC, Canada 
H03 Client                       USSR    
H04 Geophysical contractor       L2R    
H05 Positioning contractor       L2R    
X 10001       110    100.00    163.001    1   301    100.00    101.00    130.001
X 10001       110    100.00    163.001   31   601    100.00    132.00    161.001
X 10001       210    100.00    103.001    1   301    100.00    103.00    132.001
X 10001       210    100.00    103.001   31   601    100.00    134.00    163.001
X 10001       310    100.00    135.001    1   301    100.00    105.00    134.001
X 10001       310    100.00    135.001   31   601    100.00    136.00    165.001
X 10001       410    100.00    137.001    1   301    100.00    107.00    136.001
X 10001       410    100.00    137.001   31   601    100.00    138.00    167.001
X 10001       510    100.00    139.001    1   301    100.00    109.00    138.001
X 10001       510    100.00    139.001   31   601    100.00    140.00    169.001
X 10001       610    100.00    141.001    1   301    100.00    111.00    140.001
X 10001       610    100.00    141.001   31   601    100.00    142.00    171.001
X 10001       710    100.00    143.001    1   301    100.00    113.00    142.001
X 10001       710    100.00    143.001   31   601    100.00    144.00    173.001
X 10001       810    100.00    145.001    1   301    100.00    115.00    144.001
X 10001       810    100.00    145.001   31   601    100.00    146.00    175.001
X 10001       910    100.00    147.001    1   301    100.00    117.00    146.001
X 10001       910    100.00    147.001   31   601    100.00    148.00    177.001
X 10001      1010    100.00    149.001    1   301    100.00    119.00    148.001
X 10001      1010    100.00    149.001   31   601    100.00    150.00    179.001
X 10001      1110    100.00    151.001    1   301    100.00    121.00    150.001
X 10001      1110    100.00    151.001   31   601    100.00    152.00    181.001
X 10001      1210    100.00    153.001    1   301    100.00    123.00    152.001
X 10001      1210    100.00    153.001   31   601    100.00    154.00    183.001
X 10001      1310    100.00    155.001    1   301    100.00    125.00    154.001
X 10001      1310    100.00    155.001   31   601    100.00    156.00    185.001
X 10001      1410    100.00    157.001    1   301    100.00    127.00    156.001
X 10001      1410    100.00    157.001   31   601    100.00    158.00    187.001
X 10001      1510    100.00    159.001    1   301    100.00    129.00    158.001
X 10001      1510    100.00    159.001   31   601    100.00    160.00    189.001
X 10001      1610    100.00    161.001    1   301    100.00    131.00    160.001
X 10001      1610    100.00    161.001   31   601    100.00    162.00    191.001
X 10001      1710    100.00    163.001    1   301    100.00    133.00    162.001
X 10001      1710    100.00    163.001   31   601    100.00    164.00    193.001
X 10001      1810    100.00    165.001    1   301    100.00    135.00    164.001
X 10001      1810    100.00    165.001   31   601    100.00    166.00    195.001
X 10001      1910    100.00    167.001    1   301    100.00    137.00    166.001
X 10001      1910    100.00    167.001   31   601    100.00    168.00    197.001
X 10001      2010    100.00    169.001    1   301    100.00    139.00    168.001
X 10001      2010    100.00    169.001   31   601    100.00    170.00    199.001
X 10001      2110    100.00    171.001    1   301    100.00    141.00    170.001
X 10001      2110    100.00    171.001   31   601    100.00    172.00    201.001
X 10001      2210    100.00    173.001    1   301    100.00    143.00    172.001
X 10001      2210    100.00    173.001   31   601    100.00    174.00    203.001
X 10001      2310    100.00    175.001    1   301    100.00    145.00    174.001
X 10001      2310    100.00    175.001   31   601    100.00    176.00    205.001
X 10001      2410    100.00    177.001    1   301    100.00    147.00    176.001
X 10001      2410    100.00    177.001   31   601    100.00    178.00    207.001
X 10001      2510    100.00    179.001    1   301    100.00    149.00    178.001
X 10001      2510    100.00    179.001   31   601    100.00    180.00    209.001
X 10001      2610    100.00    181.001    1   301    100.00    151.00    180.001
X 10001      2610    100.00    181.001   31   601    100.00    182.00    211.001
X 10001      2710    100.00    183.001    1   301    100.00    153.00    182.001
X 10001      2710    100.00    183.001   31   601    100.00    184.00    213.001
X 10001      2810    100.00    185.001    1   301    100.00    155.00    184.001
X 10001      2810    100.00    185.001   31   601    100.00    186.00    215.001
X 10001      2910    100.00    187.001    1   301    100.00    157.00    186.001
X 10001      2910    100.00    187.001   31   601    100.00    188.00    217.001
X 10001      3010    100.00    189.001    1   301    100.00    159.00    188.001
X 10001      3010    100.00    189.001   31   601    100.00    190.00    219.001
X 10001      3110    100.00    191.001    1   301    100.00    161.00    190.001
X 10001      3110    100.00    191.001   31   601    100.00    192.00    221.001
X 10001      3210    100.00    193.001    1   301    100.00    163.00    192.001
X 10001      3210    100.00    193.001   31   601    100.00    194.00    223.001
X 10001      3310    100.00    195.001    1   301    100.00    165.00    194.001
X 10001      3310    100.00    195.001   31   601    100.00    196.00    225.001
X 10001      3410    100.00    197.001    1   301    100.00    167.00    196.001
X 10001      3410    100.00    197.001   31   601    100.00    198.00    227.001
X 10001      3510    100.00    199.001    1   301    100.00    169.00    198.001
X 10001      3510    100.00    199.001   31   601    100.00    200.00    229.001
X 10001      3610    100.00    201.001    1   301    100.00    171.00    200.001
X 10001      3610    100.00    201.001   31   601    100.00    202.00    231.001
X 10001      3710    100.00    203.001    1   301    100.00    173.00    202.001
X 10001      3710    100.00    203.001   31   601    100.00    204.00    233.001
X 10001      3810    100.00    205.001    1   301    100.00    175.00    204.001
X 10001      3810    100.00    205.001   31   601    100.00    206.00    235.001
X 10001      3910    100.00    207.001    1   301    100.00    177.00    206.001
X 10001      3910    100.00    207.001   31   601    100.00    208.00    237.001
X 10001      4010    100.00    209.001    1   301    100.00    179.00    208.001
X 10001      4010    100.00    209.001   31   601    100.00    210.00    239.001
X 10001      4110    100.00    211.001    1   301    100.00    181.00    210.001
X 10001      4110    100.00    211.001   31   601    100.00    212.00    241.001
X 10001      4210    100.00    213.001    1   301    100.00    183.00    212.001
X 10001      4210    100.00    213.001   31   601    100.00    214.00    243.001
X 10001      4310    100.00    215.001    1   301    100.00    185.00    214.001
X 10001      4310    100.00    215.001   31   601    100.00    216.00    245.001
X 10001      4410    100.00    217.001    1   301    100.00    187.00    216.001
X 10001      4410    100.00    217.001   31   601    100.00    218.00    247.001
X 10001      4510    100.00    219.001    1   301    100.00    189.00    218.001
X 10001      4510    100.00    219.001   31   601    100.00    220.00    249.001
X 10001      4610    100.00    221.001    1   301    100.00    191.00    220.001
X 10001      4610    100.00    221.001   31   601    100.00    222.00    251.001
X 10001      4710    100.00    223.001    1   301    100.00    193.00    222.001
X 10001      4710    100.00    223.001   31   601    100.00    224.00    253.001
X 10001      4810    100.00    225.001    1   301    100.00    195.00    224.001
X 10001      4810    100.00    225.001   31   601    100.00    226.00    255.001
X 10001      4910    100.00    227.001    1   301    100.00    197.00    226.001
X 10001      4910    100.00    227.001   31   601    100.00    228.00    257.001
X 10001      5010    100.00    229.001    1   301    100.00    199.00    228.001
X 10001      5010    100.00    229.001   31   601    100.00    230.00    259.001
X 10001      5110    100.00    231.001    1   301    100.00    201.00    230.001
X 10001      5110    100.00    231.001   31   601    100.00    232.00    261.001
X 10001      5210    100.00    233.001    1   301    100.00    203.00    232.001
X 10001      5210    100.00    233.001   31   601    100.00    234.00    263.001
X 10001      5310    100.00    235.001    1   301    100.00    205.00    234.001
X 10001      5310    100.00    235.001   31   601    100.00    236.00    265.001
X 10001      5410    100.00    237.001    1   301    100.00    207.00    236.001
X 10001      5410    100.00    237.001   31   601    100.00    238.00    267.001
X 10001      5510    100.00    239.001    1   301    100.00    209.00    238.001
X 10001      5510    100.00    239.001   31   601    100.00    240.00    269.001
X 10001      5610    100.00    241.001    1   301    100.00    211.00    240.001
X 10001      5610    100.00    241.001   31   601    100.00    242.00    271.001
X 10001      5710    100.00    243.001    1   301    100.00    213.00    242.001
X 10001      5710    100.00    243.001   31   601    100.00    244.00    273.001
X 10001      5810    100.00    245.001    1   301    100.00    215.00    244.001
X 10001      5810    100.00    245.001   31   601    100.00    246.00    275.001
X 10001      5910    100.00    247.001    1   301    100.00    217.00    246.001
X 10001      5910    100.00    247.001   31   601    100.00    248.00    277.001
X 10001      6010    100.00    249.001    1   301    100.00    219.00    248.001
X 10001      6010    100.00    249.001   31   601    100.00    250.00    279.001
X 10001      6110    100.00    251.001    1   301    100.00    221.00    250.001
X 10001      6110    100.00    251.001   31   601    100.00    252.00    281.001
X 10001      6210    100.00    253.001    1   301    100.00    223.00    252.001
X 10001      6210    100.00    253.001   31   601    100.00    254.00    283.001
X 10001      6310    100.00    255.001    1   301    100.00    225.00    254.001
X 10001      6310    100.00    255.001   31   601    100.00    256.00    285.001
X 10001      6410    100.00    257.001    1   301    100.00    227.00    256.001
X 10001      6410    100.00    257.001   31   601    100.00    258.00    287.001
X 10001      6510    100.00    259.001    1   301    100.00    229.00    258.001
X 10001      6510    100.00    259.001   31   601    100.00    260.00    289.001
X 10001      6610    100.00    261.001    1   301    100.00    231.00    260.001
X 10001      6610    100.00    261.001   31   601    100.00    262.00    291.001
X 10001      6710    100.00    263.001    1   301    100.00    233.00    262.001
X 10001      6710    100.00    263.001   31   601    100.00    264.00    293.001
X 10001      6810    100.00    265.001    1   301    100.00    235.00    264.001
X 10001      6810    100.00    265.001   31   601    100.00    266.00    295.001
X 10001      6910    100.00    267.001    1   301    100.00    237.00    266.001
X 10001      6910    100.00    267.001   31   601    100.00    268.00    297.001
X 10001      7010    100.00    269.001    1   301    100.00    239.00    268.001
X 10001      7010    100.00    269.001   31   601    100.00    270.00    299.001
X 10001      7110    100.00    271.001    1   301    100.00    241.00    270.001
X 10001      7110    100.00    271.001   31   601    100.00    272.00    301.001
X 10001      7210    100.00    273.001    1   301    100.00    243.00    272.001
X 10001      7210    100.00    273.001   31   601    100.00    274.00    303.001
X 10001      7310    100.00    275.001    1   301    100.00    245.00    274.001
X 10001      7310    100.00    275.001   31   601    100.00    276.00    305.001
X 10001      7410    100.00    277.001    1   301    100.00    247.00    276.001
X 10001      7410    100.00    277.001   31   601    100.00    278.00    307.001
X 10001      7510    100.00    279.001    1   301    100.00    249.00    278.001
X 10001      7510    100.00    279.001   31   601    100.00    280.00    309.001
X 10001      7610    100.00    281.001    1   301    100.00    251.00    280.001
X 10001      7610    100.00    281.001   31   601    100.00    282.00    311.001
X 10001      7710    100.00    283.001    1   301    100.00    253.00    282.001
X 10001      7710    100.00    283.001   31   601    100.00    284.00    313.001
X 10001      7810    100.00    285.001    1   301    100.00    255.00    284.001
X 10001      7810    100.00    285.001   31   601    100.00    286.00    315.001
X 10001      7910    100.00    287.001    1   301    100.00    257.00    286.001
X 10001      7910    100.00    287.001   31   601    100.00    288.00    317.001
X 10001      8010    100.00    289.001    1   301    100.00    259.00    288.001
X 10001      8010    100.00    289.001   31   601    100.00    290.00    319.001
X 10001      8110    100.00    291.001    1   301    100.00    261.00    290.001
X 10001      8110    100.00    291.001   31   601    100.00    292.00    321.001
X 10001      8210    100.00    293.001    1   301    100.00    263.00    292.001
X 10001      8210    100.00    293.001   31   601    100.00    294.00    323.001
X 10001      8310    100.00    295.001    1   301    100.00    265.00    294.001
X 10001      8310    100.00    295.001   31   601    100.00    296.00    325.001
X 10001      8410    100.00    297.001    1   301    100.00    267.00    296.001
X 10001      8410    100.00    297.001   31   601    100.00    298.00    327.001
X 10001      8510    100.00    299.001    1   301    100.00    269.00    298.001
X 10001      8510    100.00    299.001   31   601    100.00    300.00    329.001
X 10001      8610    100.00    301.001    1   301    100.00    271.00    300.001
X 10001      8610    100.00    301.001   31   601    100.00    302.00    331.001
X 10001      8710    100.00    303.001    1   301    100.00    273.00    302.001
X 10001      8710    100.00    303.001   31   601    100.00    304.00    333.001
X 10001      8810    100.00    305.001    1   301    100.00    275.00    304.001
X 10001      8810    100.00    305.001   31   601    100.00    306.00    335.001
X 10001      8910    100.00    307.001    1   301    100.00    277.00    306.001
X 10001      8910    100.00    307.001   31   601    100.00    308.00    337.001
X 10001      9010    100.00    309.001    1   301    100.00    279.00    308.001
X 10001      9010    100.00    309.001   31   601    100.00    310.00    339.001
X 10001      9110    100.00    311.001    1   301    100.00    281.00    310.001
X 10001      9110    100.00    311.001   31   601    100.00    312.00    341.001
X 10001      9210    100.00    313.001    1   301    100.00    283.00    312.001
X 10001      9210    100.00    313.001   31   601    100.00    314.00    343.001
X 10001      9310    100.00    315.001    1   301    100.00    285.00    314.001
X 10001      9310    100.00    315.001   31   601    100.00    316.00    345.001
X 10001      9410    100.00    317.001    1   301    100.00    287.00    316.001
X 10001      9410    100.00    317.001   31   601    100.00    318.00    347.001
X 10001      9510    100.00    319.001    1   301    100.00    289.00    318.001
X 10001      9510    100.00    319.001   31   601    100.00    320.00    349.001
X 10001      9610    100.00    321.001    1   301    100.00    291.00    320.001
X 10001      9610    100.00    321.001   31   601    100.00    322.00    351.001
X 10001      9710    100.00    323.001    1   301    100.00    293.00    322.001
X 10001      9710    100.00    323.001   31   601    100.00    324.00    353.001
X 10001      9810    100.00    325.001    1   301    100.00    295.00    324.001
X 10001      9810    100.00    325.001   31   601    100.00    326.00    355.001
X 10001      9910    100.00    327.001    1   301    100.00    297.00    326.001
X 10001      9910    100.00    327.001   31   601    100.00    328.00    357.001
X 10001     10010    100.00    329.001    1   301    100.00    299.00    328.001
X 10001     10010    100.00    329.001   31   601    100.00    330.00    359.001
X 10001     10110    100.00    331.001    1   301    100.00    301.00    330.001
X 10001     10110    100.00    331.001   31   601    100.00    332.00    361.001
X 10001     10210    100.00    333.001    1   301    100.00    303.00    332.001
X 10001     10210    100.00    333.001   31   601    100.00    334.00    363.001
X 10001     10310    100.00    335.001    1   301    100.00    305.00    334.001
X 10001     10310    100.00    335.001   31   601    100.00    336.00    365.001
X 10001     10410    100.00    337.001    1   301    100.00    307.00    336.001
X 10001     10410    100.00    337.001   31   601    100.00    338.00    367.001
X 10001     10510    100.00    339.001    1   301    100.00    309.00    338.001
X 10001     10510    100.00    339.001   31   601    100.00    340.00    369.001
X 10001     10610    100.00    341.001    1   301    100.00    311.00    340.001
X 10001     10610    100.00    341.001   31   601    100.00    342.00    371.001
X 10001     10710    100.00    343.001    1   301    100.00    313.00    342.001
X 10001     10710    100.00    343.001   31   601    100.00    344.00    373.001
X 10001     10810    100.00    345.001    1   301    100.00    315.00    344.001
X 10001     10810    100.00    345.001   31   601    100.00    346.00    375.001
X 10001     10910    100.00    347.001    1   301    100.00    317.00    346.001
X 10001     10910    100.00    347.001   31   601    100.00    348.00    377.001
X 10001     11010    100.00    349.001    1   301    100.00    319.00    348.001
X 10001     11010    100.00    349.001   31   601    100.00    350.00    379.001
X 10001     11110    100.00    351.001    1   301    100.00    321.00    350.001
X 10001     11110    100.00    351.001   31   601    100.00    352.00    381.001
X 10001     11210    100.00    353.001    1   301    100.00    323.00    352.001
X 10001     11210    100.00    353.001   31   601    100.00    354.00    383.001
X 10001     11310    100.00    355.001    1   301    100.00    325.00    354.001
X 10001     11310    100.00    355.001   31   601    100.00    356.00    385.001
X 10001     11410    100.00    357.001    1   301    100.00    327.00    356.001
X 10001     11410    100.00    357.001   31   601    100.00    358.00    387.001
X 10001     11510    100.00    359.001    1   301    100.00    329.00    358.001
X 10001     11510    100.00    359.001   31   601    100.00    360.00    389.001
X 10001     11610    100.00    361.001    1   301    100.00    331.00    360.001
X 10001     11610    100.00    361.001   31   601    100.00    362.00    391.001
X 10001     11710    100.00    363.001    1   301    100.00    333.00    362.001
X 10001     11710    100.00    363.001   31   601    100.00    364.00    393.001
X 10001     11810    100.00    365.001    1   301    100.00    335.00    364.001
X 10001     11810    100.00    365.001   31   601    100.00    366.00    395.001
X 10001     11910    100.00    367.001    1   301    100.00    337.00    366.001
X 10001     11910    100.00    367.001   31   601    100.00    368.00    397.001
X 10001     12010    100.00    369.001    1   301    100.00    339.00    368.001
X 10001     12010    100.00    369.001   31   601    100.00    370.00    399.001
X 10001     12110    100.00    371.001    1   301    100.00    341.00    370.001
X 10001     12110    100.00    371.001   31   601    100.00    372.00    401.001
X 10001     12210    100.00    373.001    1   301    100.00    343.00    372.001
X 10001     12210    100.00    373.001   31   601    100.00    374.00    403.001
X 10001     12310    100.00    375.001    1   301    100.00    345.00    374.001
X 10001     12310    100.00    375.001   31   601    100.00    376.00    405.001
X 10001     12410    100.00    377.001    1   301    100.00    347.00    376.001
X 10001     12410    100.00    377.001   31   601    100.00    378.00    407.001
X 10001     12510    100.00    379.001    1   301    100.00    349.00    378.001
X 10001     12510    100.00    379.001   31   601    100.00    380.00    409.001
X 10001     12610    100.00    381.001    1   301    100.00    351.00    380.001
X 10001     12610    100.00    381.001   31   601    100.00    382.00    411.001
X 10001     12710    100.00    383.001    1   301    100.00    353.00    382.001
X 10001     12710    100.00    383.001   31   601    100.00    384.00    413.001
X 10001     12810    100.00    385.001    1   301    100.00    355.00    384.001
X 10001     12810    100.00    385.001   31   601    100.00    386.00    415.001
X 10001     12910    100.00    387.001    1   301    100.00    357.00    386.001
X 10001     12910    100.00    387.001   31   601    100.00    388.00    417.001
X 10001     13010    100.00    389.001    1   301    100.00    359.00    388.001
X 10001     13010    100.00    389.001   31   601    100.00    390.00    419.001
X 10001     13110    100.00    391.001    1   301    100.00    361.00    390.001
X 10001     13110    100.00    391.001   31   601    100.00    392.00    421.001
X 10001     13210    100.00    393.001    1   301    100.00    363.00    392.001
X 10001     13210    100.00    393.001   31   601    100.00    394.00    423.001
X 10001     13310    100.00    395.001    1   301    100.00    365.00    394.001
X 10001     13310    100.00    395.001   31   601    100.00    396.00    425.001
X 10001     13410    100.00    397.001    1   301    100.00    367.00    396.001
X 10001     13410    100.00    397.001   31   601    100.00    398.00    427.001
X 10001     13510    100.00    399.001    1   301    100.00    369.00    398.001
X 10001     13510    100.00    399.001   31   601    100.00    400.00    429.001
X 10001     13610    100.00    401.001    1   301    100.00    371.00    400.001
X 10001     13610    100.00    401.001   31   601    100.00    402.00    431.001
X 10001     13710    100.00    403.001    1   301    100.00    373.00    402.001
X 10001     13710    100.00    403.001   31   601    100.00    404.00    433.001
X 10001     13810    100.00    405.001    1   301    100.00    375.00    404.001
X 10001     13810    100.00    405.001   31   601    100.00    406.00    435.001
X 10001     13910    100.00    407.001    1   301    100.00    377.00    406.001
X 10001     13910    100.00    407.001   31   601    100.00    408.00    437.001
X 10001     14010    100.00    409.001    1   301    100.00    379.00    408.001
X 10001     14010    100.00    409.001   31   601    100.00    410.00    439.001
X 10001     14110    100.00    411.001    1   301    100.00    381.00    410.001
X 10001     14110    100.00    411.001   31   601    100.00    412.00    441.001
X 10001     14210    100.00    413.001    1   301    100.00    383.00    412.001
X 10001     14210    100.00    413.001   31   601    100.00    414.00    443.001
X 10001     14310    100.00    415.001    1   301    100.00    385.00    414.001
X 10001     14310    100.00    415.001   31   601    100.00    416.00    445.001
X 10001     14410    100.00    417.001    1   301    100.00    387.00    416.001
X 10001     14410    100.00    417.001   31   601    100.00    418.00    447.001
X 10001     14510    100.00    419.001    1   301    100.00    389.00    418.001
X 10001     14510    100.00    419.001   31   601    100.00    420.00    449.001
X 10001     14610    100.00    421.001    1   301    100.00    391.00    420.001
X 10001     14610    100.00    421.001   31   601    100.00    422.00    451.001
X 10001     14710    100.00    423.001    1   301    100.00    393.00    422.001
X 10001     14710    100.00    423.001   31   601    100.00    424.00    453.001
X 10001     14810    100.00    425.001    1   301    100.00    395.00    424.001
X 10001     14810    100.00    425.001   31   601    100.00    426.00    455.001
X 10001     14910    100.00    427.001    1   301    100.00    397.00    426.001
X 10001     14910    100.00    427.001   31   601    100.00    428.00    457.001
X 10001     15010    100.00    429.001    1   301    100.00    399.00    428.001
X 10001     15010    100.00    429.001   31   601    100.00    430.00    459.001
X 10001     15110    100.00    431.001    1   301    100.00    401.00    430.001
X 10001     15110    100.00    431.001   31   601    100.00    432.00    461.001
X 10001     15210    100.00    433.001    1   301    100.00    403.00    432.001
X 10001     15210    100.00    433.001   31   601    100.00    434.00    463.001
X 10001     15310    100.00    435.001    1   301    100.00    405.00    434.001
X 10001     15310    100.00    435.001   31   601    100.00    436.00    465.001
X 10001     15410    100.00    437.001    1   301    100.00    407.00    436.001
X 10001     15410    100.00    437.001   31   601    100.00    438.00    467.001
X 10001     15510    100.00    439.001    1   301    100.00    409.00    438.001
X 10001     15510    100.00    439.001   31   601    100.00    440.00    469.001
X 10001     15610    100.00    441.001    1   301    100.00    411.00    440.001
X 10001     15610    100.00    441.001   31   601    100.00    442.00    471.001
X 10001     15710    100.00    443.001    1   301    100.00    413.00    442.001
X 10001     15710    100.00    443.001   31   601    100.00    444.00    473.001
X 10001     15810    100.00    445.001    1   301    100.00    415.00    444.001
X 10001     15810    100.00    445.001   31   601    100.00    446.00    475.001
X 10001     15910    100.00    447.001    1   301    100.00    417.00    446.001
X 10001     15910    100.00    447.001   31   601    100.00    448.00    477.001
X 10001     16010    100.00    449.001    1   301    100.00    419.00    448.001
X 10001     16010    100.00    449.001   31   601    100.00    450.00    479.001
X 10001     16110    100.00    451.001    1   301    100.00    421.00    450.001
X 10001     16110    100.00    451.001   31   601    100.00    452.00    481.001
X 10001     16210    100.00    453.001    1   301    100.00    423.00    452.001
X 10001     16210    100.00    453.001   31   601    100.00    454.00    483.001
X 10001     16310    100.00    455.001    1   301    100.00    425.00    454.001
X 10001     16310    100.00    455.001   31   601    100.00    456.00    485.001
X 10001     16410    100.00    457.001    1   301    100.00    427.00    456.001
X 10001     16410    100.00    457.001   31   601    100.00    458.00    487.001
X 10001     16510    100.00    459.001    1   301    100.00    429.00    458.001
X 10001     16510    100.00    459.001   31   601    100.00    460.00    489.001
X 10001     16610    100.00    461.001    1   301    100.00    431.00    460.001
X 10001     16610    100.00    461.001   31   601    100.00    462.00    491.001
X 10001     16710    100.00    463.001    1   301    100.00    433.00    462.001
X 10001     16710    100.00    463.001   31   601    100.00    464.00    493.001
X 10001     16810    100.00    465.001    1   301    100.00    435.00    464.001
X 10001     16810    100.00    465.001   31   601    100.00    466.00    495.001
X 10001     16910    100.00    467.001    1   301    100.00    437.00    466.001
X 10001     16910    100.00    467.001   31   601    100.00    468.00    497.001
