Really good stuff up here.                                                      
Really good stuff up here too.                                                      
Really good stuff up here also.                                                 
R                                                                               
H00 SPS format version number    SPS 2.1                                        
H01 Description of survey area   Beaver Lodge Lands, Campbell River, BC, Canada 
H03 Client                       USSR                                           
H04 Geophysical contractor       L2R                                            
H05 Positioning contractor       L2R                                            
R    100.00    101.00 01 0   0 0.0   0 0   0.0 338889.4 5540665.8  79.2121235959
R    100.00    102.00 01 0   0 0.0   0 0   0.0 338916.1 5540622.9  78.3121235959
R    100.00    103.00 01 0   0 0.0   0 0   0.0 338942.3 5540582.6  77.4121235959
R    100.00    104.00 01 0   0 0.0   0 0   0.0 338969.0 5540538.9  76.5121235959
R    100.00    105.00 01 0   0 0.0   0 0   0.0 338997.1 5540497.8  75.6121235959
R    100.00    106.00 01 0   0 0.0   0 0   0.0 339024.0 5540454.7  74.7121235959
R    100.00    107.00 01 0   0 0.0   0 0   0.0 339050.3 5540412.6  73.8121235959
R    100.00    108.00 01 0   0 0.0   0 0   0.0 339076.8 5540372.2  72.8121235959
R    100.00    109.00 01 0   0 0.0   0 0   0.0 339103.0 5540329.2  71.9121235959
R    100.00    110.00 01 0   0 0.0   0 0   0.0 339129.5 5540287.3  71.0121235959
R    100.00    111.00 01 0   0 0.0   0 0   0.0 339158.2 5540244.2  70.0121235959
R    100.00    112.00 01 0   0 0.0   0 0   0.0 339185.0 5540203.6  69.1121235959
R    100.00    113.00 01 0   0 0.0   0 0   0.0 339212.9 5540160.6  68.1121235959
R    100.00    114.00 01 0   0 0.0   0 0   0.0 339237.5 5540118.9  67.1121235959
R    100.00    115.00 01 0   0 0.0   0 0   0.0 339266.2 5540076.5  66.2121235959
R    100.00    116.00 01 0   0 0.0   0 0   0.0 339292.5 5540034.0  65.2121235959
R    100.00    117.00 01 0   0 0.0   0 0   0.0 339320.7 5539992.8  64.2121235959
R    100.00    118.00 01 0   0 0.0   0 0   0.0 339345.7 5539950.3  63.2121235959
R    100.00    119.00 01 0   0 0.0   0 0   0.0 339374.7 5539908.1  62.2121235959
R    100.00    120.00 01 0   0 0.0   0 0   0.0 339400.6 5539866.5  61.2121235959
R    100.00    121.00 01 0   0 0.0   0 0   0.0 339426.1 5539823.4  60.2121235959
R    100.00    122.00 01 0   0 0.0   0 0   0.0 339454.6 5539780.9  59.1121235959
R    100.00    123.00 01 0   0 0.0   0 0   0.0 339480.4 5539740.2  58.1121235959
R    100.00    124.00 01 0   0 0.0   0 0   0.0 339507.0 5539698.0  57.0121235959
R    100.00    125.00 01 0   0 0.0   0 0   0.0 339536.3 5539655.9  56.0121235959
R    100.00    126.00 01 0   0 0.0   0 0   0.0 339562.0 5539614.2  54.9121235959
R    100.00    127.00 01 0   0 0.0   0 0   0.0 339588.3 5539571.9  53.8121235959
R    100.00    128.00 01 0   0 0.0   0 0   0.0 339615.6 5539528.1  52.8121235959
R    100.00    129.00 01 0   0 0.0   0 0   0.0 339642.2 5539486.9  51.7121235959
R    100.00    130.00 01 0   0 0.0   0 0   0.0 339669.1 5539445.0  50.6121235959
R    100.00    131.00 01 0   0 0.0   0 0   0.0 339696.4 5539402.5  49.4121235959
R    100.00    132.00 01 0   0 0.0   0 0   0.0 339723.7 5539361.4  48.3121235959
R    100.00    133.00 01 0   0 0.0   0 0   0.0 339749.6 5539318.2  47.2121235959
R    100.00    134.00 01 0   0 0.0   0 0   0.0 339777.7 5539275.9  46.0121235959
R    100.00    135.00 01 0   0 0.0   0 0   0.0 339804.8 5539233.8  44.8121235959
R    100.00    136.00 01 0   0 0.0   0 0   0.0 339830.5 5539192.4  43.7121235959
R    100.00    137.00 01 0   0 0.0   0 0   0.0 339859.7 5539150.6  42.5121235959
R    100.00    138.00 01 0   0 0.0   0 0   0.0 339886.2 5539108.8  41.3121235959
R    100.00    139.00 01 0   0 0.0   0 0   0.0 339913.1 5539065.4  40.0121235959
R    100.00    140.00 01 0   0 0.0   0 0   0.0 339938.8 5539023.3  38.8121235959
R    100.00    141.00 01 0   0 0.0   0 0   0.0 339967.0 5538981.2  37.5121235959
R    100.00    142.00 01 0   0 0.0   0 0   0.0 339992.1 5538939.7  36.2121235959
R    100.00    143.00 01 0   0 0.0   0 0   0.0 340019.3 5538897.7  34.9121235959
R    100.00    144.00 01 0   0 0.0   0 0   0.0 340046.8 5538856.1  33.6121235959
R    100.00    145.00 01 0   0 0.0   0 0   0.0 340074.6 5538814.1  32.3121235959
R    100.00    146.00 01 0   0 0.0   0 0   0.0 340100.3 5538771.0  30.9121235959
R    100.00    147.00 01 0   0 0.0   0 0   0.0 340129.7 5538728.8  29.5121235959
R    100.00    148.00 01 0   0 0.0   0 0   0.0 340154.5 5538686.3  28.1121235959
R    100.00    149.00 01 0   0 0.0   0 0   0.0 340181.9 5538645.5  26.7121235959
R    100.00    150.00 01 0   0 0.0   0 0   0.0 340210.1 5538603.7  25.2121235959
R    100.00    151.00 01 0   0 0.0   0 0   0.0 340236.5 5538560.4  23.7121235959
R    100.00    152.00 01 0   0 0.0   0 0   0.0 340264.1 5538519.1  22.1121235959
R    100.00    153.00 01 0   0 0.0   0 0   0.0 340291.5 5538476.8  20.5121235959
R    100.00    154.00 01 0   0 0.0   0 0   0.0 340318.6 5538435.0  18.9121235959
R    100.00    155.00 01 0   0 0.0   0 0   0.0 340343.2 5538392.4  17.2121235959
R    200.00    101.00 01 0   0 0.0   0 0   0.0 338970.8 5540720.4  78.2121235959
R    200.00    102.00 01 0   0 0.0   0 0   0.0 339000.5 5540678.1  77.3121235959
R    200.00    103.00 01 0   0 0.0   0 0   0.0 339026.2 5540635.0  76.4121235959
R    200.00    104.00 01 0   0 0.0   0 0   0.0 339053.5 5540592.9  75.5121235959
R    200.00    105.00 01 0   0 0.0   0 0   0.0 339078.7 5540551.4  74.6121235959
R    200.00    106.00 01 0   0 0.0   0 0   0.0 339107.9 5540508.9  73.7121235959
R    200.00    107.00 01 0   0 0.0   0 0   0.0 339133.2 5540467.5  72.7121235959
R    200.00    108.00 01 0   0 0.0   0 0   0.0 339159.8 5540425.4  71.8121235959
R    200.00    109.00 01 0   0 0.0   0 0   0.0 339187.3 5540383.0  70.9121235959
R    200.00    110.00 01 0   0 0.0   0 0   0.0 339213.4 5540341.3  69.9121235959
R    200.00    111.00 01 0   0 0.0   0 0   0.0 339243.0 5540299.1  69.0121235959
R    200.00    112.00 01 0   0 0.0   0 0   0.0 339268.1 5540256.6  68.0121235959
R    200.00    113.00 01 0   0 0.0   0 0   0.0 339296.6 5540215.1  67.1121235959
R    200.00    114.00 01 0   0 0.0   0 0   0.0 339324.1 5540173.5  66.1121235959
R    200.00    115.00 01 0   0 0.0   0 0   0.0 339349.3 5540131.3  65.1121235959
R    200.00    116.00 01 0   0 0.0   0 0   0.0 339376.9 5540087.7  64.1121235959
R    200.00    117.00 01 0   0 0.0   0 0   0.0 339402.8 5540047.1  63.1121235959
R    200.00    118.00 01 0   0 0.0   0 0   0.0 339429.7 5540004.0  62.1121235959
R    200.00    119.00 01 0   0 0.0   0 0   0.0 339458.9 5539962.1  61.1121235959
R    200.00    120.00 01 0   0 0.0   0 0   0.0 339485.5 5539920.1  60.1121235959
R    200.00    121.00 01 0   0 0.0   0 0   0.0 339510.6 5539877.3  59.1121235959
R    200.00    122.00 01 0   0 0.0   0 0   0.0 339538.2 5539836.0  58.1121235959
R    200.00    123.00 01 0   0 0.0   0 0   0.0 339565.2 5539794.4  57.0121235959
R    200.00    124.00 01 0   0 0.0   0 0   0.0 339592.1 5539750.5  56.0121235959
R    200.00    125.00 01 0   0 0.0   0 0   0.0 339618.3 5539709.5  54.9121235959
R    200.00    126.00 01 0   0 0.0   0 0   0.0 339645.1 5539667.0  53.9121235959
R    200.00    127.00 01 0   0 0.0   0 0   0.0 339673.4 5539624.4  52.8121235959
R    200.00    128.00 01 0   0 0.0   0 0   0.0 339700.9 5539583.3  51.7121235959
R    200.00    129.00 01 0   0 0.0   0 0   0.0 339727.9 5539541.6  50.6121235959
R    200.00    130.00 01 0   0 0.0   0 0   0.0 339752.7 5539499.6  49.5121235959
R    200.00    131.00 01 0   0 0.0   0 0   0.0 339779.8 5539456.9  48.4121235959
R    200.00    132.00 01 0   0 0.0   0 0   0.0 339809.6 5539414.1  47.2121235959
R    200.00    133.00 01 0   0 0.0   0 0   0.0 339834.3 5539372.6  46.1121235959
R    200.00    134.00 01 0   0 0.0   0 0   0.0 339861.1 5539330.0  45.0121235959
R    200.00    135.00 01 0   0 0.0   0 0   0.0 339888.4 5539288.2  43.8121235959
R    200.00    136.00 01 0   0 0.0   0 0   0.0 339915.3 5539246.3  42.6121235959
R    200.00    137.00 01 0   0 0.0   0 0   0.0 339942.1 5539204.0  41.4121235959
R    200.00    138.00 01 0   0 0.0   0 0   0.0 339971.2 5539162.3  40.2121235959
R    200.00    139.00 01 0   0 0.0   0 0   0.0 339996.9 5539120.8  39.0121235959
R    200.00    140.00 01 0   0 0.0   0 0   0.0 340022.9 5539077.1  37.7121235959
R    200.00    141.00 01 0   0 0.0   0 0   0.0 340050.8 5539035.3  36.5121235959
R    200.00    142.00 01 0   0 0.0   0 0   0.0 340078.4 5538993.8  35.2121235959
R    200.00    143.00 01 0   0 0.0   0 0   0.0 340104.3 5538951.4  33.9121235959
R    200.00    144.00 01 0   0 0.0   0 0   0.0 340130.3 5538909.3  32.6121235959
R    200.00    145.00 01 0   0 0.0   0 0   0.0 340158.0 5538867.2  31.3121235959
R    200.00    146.00 01 0   0 0.0   0 0   0.0 340185.5 5538825.0  29.9121235959
R    200.00    147.00 01 0   0 0.0   0 0   0.0 340212.5 5538783.9  28.5121235959
R    200.00    148.00 01 0   0 0.0   0 0   0.0 340239.1 5538741.1  27.1121235959
R    200.00    149.00 01 0   0 0.0   0 0   0.0 340265.2 5538699.1  25.7121235959
R    200.00    150.00 01 0   0 0.0   0 0   0.0 340293.1 5538656.0  24.2121235959
R    200.00    151.00 01 0   0 0.0   0 0   0.0 340319.5 5538613.9  22.8121235959
R    200.00    152.00 01 0   0 0.0   0 0   0.0 340348.3 5538572.7  21.2121235959
R    200.00    153.00 01 0   0 0.0   0 0   0.0 340375.2 5538530.6  19.7121235959
R    200.00    154.00 01 0   0 0.0   0 0   0.0 340401.3 5538487.4  18.1121235959
R    200.00    155.00 01 0   0 0.0   0 0   0.0 340428.5 5538446.7  16.4121235959
R    300.00    101.00 01 0   0 0.0   0 0   0.0 339056.6 5540774.5  77.2121235959
R    300.00    102.00 01 0   0 0.0   0 0   0.0 339084.1 5540732.5  76.3121235959
R    300.00    103.00 01 0   0 0.0   0 0   0.0 339109.9 5540689.5  75.4121235959
R    300.00    104.00 01 0   0 0.0   0 0   0.0 339136.2 5540647.8  74.5121235959
R    300.00    105.00 01 0   0 0.0   0 0   0.0 339163.2 5540605.6  73.5121235959
R    300.00    106.00 01 0   0 0.0   0 0   0.0 339190.8 5540563.5  72.6121235959
R    300.00    107.00 01 0   0 0.0   0 0   0.0 339217.6 5540521.5  71.7121235959
R    300.00    108.00 01 0   0 0.0   0 0   0.0 339244.8 5540479.9  70.8121235959
R    300.00    109.00 01 0   0 0.0   0 0   0.0 339272.0 5540436.2  69.8121235959
R    300.00    110.00 01 0   0 0.0   0 0   0.0 339298.6 5540394.6  68.9121235959
R    300.00    111.00 01 0   0 0.0   0 0   0.0 339325.9 5540352.1  67.9121235959
R    300.00    112.00 01 0   0 0.0   0 0   0.0 339354.5 5540310.1  67.0121235959
R    300.00    113.00 01 0   0 0.0   0 0   0.0 339380.2 5540268.3  66.0121235959
R    300.00    114.00 01 0   0 0.0   0 0   0.0 339406.5 5540225.6  65.0121235959
R    300.00    115.00 01 0   0 0.0   0 0   0.0 339435.0 5540183.6  64.1121235959
R    300.00    116.00 01 0   0 0.0   0 0   0.0 339460.2 5540141.5  63.1121235959
R    300.00    117.00 01 0   0 0.0   0 0   0.0 339488.8 5540099.9  62.1121235959
R    300.00    118.00 01 0   0 0.0   0 0   0.0 339514.4 5540058.9  61.1121235959
R    300.00    119.00 01 0   0 0.0   0 0   0.0 339543.3 5540016.1  60.1121235959
R    300.00    120.00 01 0   0 0.0   0 0   0.0 339567.5 5539973.4  59.0121235959
R    300.00    121.00 01 0   0 0.0   0 0   0.0 339595.1 5539931.9  58.0121235959
R    300.00    122.00 01 0   0 0.0   0 0   0.0 339623.7 5539890.1  57.0121235959
R    300.00    123.00 01 0   0 0.0   0 0   0.0 339649.3 5539848.1  55.9121235959
R    300.00    124.00 01 0   0 0.0   0 0   0.0 339677.9 5539805.5  54.9121235959
R    300.00    125.00 01 0   0 0.0   0 0   0.0 339702.2 5539763.5  53.8121235959
R    300.00    126.00 01 0   0 0.0   0 0   0.0 339730.7 5539721.8  52.8121235959
R    300.00    127.00 01 0   0 0.0   0 0   0.0 339757.1 5539679.2  51.7121235959
R    300.00    128.00 01 0   0 0.0   0 0   0.0 339785.5 5539637.6  50.6121235959
R    300.00    129.00 01 0   0 0.0   0 0   0.0 339811.4 5539595.7  49.5121235959
R    300.00    130.00 01 0   0 0.0   0 0   0.0 339837.0 5539553.7  48.4121235959
R    300.00    131.00 01 0   0 0.0   0 0   0.0 339865.6 5539509.7  47.3121235959
R    300.00    132.00 01 0   0 0.0   0 0   0.0 339892.8 5539469.3  46.1121235959
R    300.00    133.00 01 0   0 0.0   0 0   0.0 339917.8 5539426.6  45.0121235959
R    300.00    134.00 01 0   0 0.0   0 0   0.0 339947.3 5539384.4  43.8121235959
R    300.00    135.00 01 0   0 0.0   0 0   0.0 339974.0 5539341.5  42.7121235959
R    300.00    136.00 01 0   0 0.0   0 0   0.0 340000.2 5539300.1  41.5121235959
R    300.00    137.00 01 0   0 0.0   0 0   0.0 340025.8 5539259.0  40.3121235959
R    300.00    138.00 01 0   0 0.0   0 0   0.0 340053.8 5539215.6  39.1121235959
R    300.00    139.00 01 0   0 0.0   0 0   0.0 340080.1 5539173.0  37.9121235959
R    300.00    140.00 01 0   0 0.0   0 0   0.0 340106.8 5539132.5  36.6121235959
R    300.00    141.00 01 0   0 0.0   0 0   0.0 340135.6 5539088.8  35.4121235959
R    300.00    142.00 01 0   0 0.0   0 0   0.0 340163.4 5539048.4  34.1121235959
R    300.00    143.00 01 0   0 0.0   0 0   0.0 340189.6 5539004.9  32.8121235959
R    300.00    144.00 01 0   0 0.0   0 0   0.0 340216.2 5538962.8  31.5121235959
R    300.00    145.00 01 0   0 0.0   0 0   0.0 340241.3 5538921.9  30.2121235959
R    300.00    146.00 01 0   0 0.0   0 0   0.0 340269.7 5538878.9  28.8121235959
R    300.00    147.00 01 0   0 0.0   0 0   0.0 340297.1 5538836.9  27.5121235959
R    300.00    148.00 01 0   0 0.0   0 0   0.0 340323.7 5538795.6  26.1121235959
R    300.00    149.00 01 0   0 0.0   0 0   0.0 340351.5 5538753.2  24.7121235959
R    300.00    150.00 01 0   0 0.0   0 0   0.0 340377.5 5538711.6  23.2121235959
R    300.00    151.00 01 0   0 0.0   0 0   0.0 340405.3 5538667.9  21.7121235959
R    300.00    152.00 01 0   0 0.0   0 0   0.0 340431.7 5538626.6  20.2121235959
R    300.00    153.00 01 0   0 0.0   0 0   0.0 340457.8 5538583.9  18.7121235959
R    300.00    154.00 01 0   0 0.0   0 0   0.0 340486.2 5538541.2  17.1121235959
R    300.00    155.00 01 0   0 0.0   0 0   0.0 340511.4 5538500.2  15.5121235959
R    400.00    101.00 01 0   0 0.0   0 0   0.0 339141.7 5540828.7  76.1121235959
R    400.00    102.00 01 0   0 0.0   0 0   0.0 339168.2 5540785.9  75.2121235959
R    400.00    103.00 01 0   0 0.0   0 0   0.0 339193.3 5540743.9  74.3121235959
R    400.00    104.00 01 0   0 0.0   0 0   0.0 339222.7 5540702.4  73.4121235959
R    400.00    105.00 01 0   0 0.0   0 0   0.0 339248.5 5540658.5  72.5121235959
R    400.00    106.00 01 0   0 0.0   0 0   0.0 339276.6 5540616.7  71.6121235959
R    400.00    107.00 01 0   0 0.0   0 0   0.0 339301.4 5540574.9  70.6121235959
R    400.00    108.00 01 0   0 0.0   0 0   0.0 339328.4 5540532.3  69.7121235959
R    400.00    109.00 01 0   0 0.0   0 0   0.0 339357.5 5540490.8  68.7121235959
R    400.00    110.00 01 0   0 0.0   0 0   0.0 339383.8 5540449.8  67.8121235959
R    400.00    111.00 01 0   0 0.0   0 0   0.0 339410.3 5540405.9  66.8121235959
R    400.00    112.00 01 0   0 0.0   0 0   0.0 339437.0 5540364.9  65.9121235959
R    400.00    113.00 01 0   0 0.0   0 0   0.0 339463.9 5540322.6  64.9121235959
R    400.00    114.00 01 0   0 0.0   0 0   0.0 339491.4 5540281.2  63.9121235959
R    400.00    115.00 01 0   0 0.0   0 0   0.0 339517.0 5540238.6  62.9121235959
R    400.00    116.00 01 0   0 0.0   0 0   0.0 339543.7 5540195.6  62.0121235959
R    400.00    117.00 01 0   0 0.0   0 0   0.0 339573.3 5540155.0  61.0121235959
R    400.00    118.00 01 0   0 0.0   0 0   0.0 339600.5 5540111.3  60.0121235959
R    400.00    119.00 01 0   0 0.0   0 0   0.0 339625.0 5540069.2  58.9121235959
R    400.00    120.00 01 0   0 0.0   0 0   0.0 339652.6 5540027.3  57.9121235959
R    400.00    121.00 01 0   0 0.0   0 0   0.0 339681.0 5539986.0  56.9121235959
R    400.00    122.00 01 0   0 0.0   0 0   0.0 339707.4 5539942.7  55.9121235959
R    400.00    123.00 01 0   0 0.0   0 0   0.0 339732.8 5539901.0  54.8121235959
R    400.00    124.00 01 0   0 0.0   0 0   0.0 339761.5 5539858.5  53.8121235959
R    400.00    125.00 01 0   0 0.0   0 0   0.0 339788.2 5539816.9  52.7121235959
R    400.00    126.00 01 0   0 0.0   0 0   0.0 339814.8 5539775.1  51.6121235959
R    400.00    127.00 01 0   0 0.0   0 0   0.0 339841.8 5539733.5  50.5121235959
R    400.00    128.00 01 0   0 0.0   0 0   0.0 339868.4 5539691.1  49.5121235959
R    400.00    129.00 01 0   0 0.0   0 0   0.0 339894.2 5539647.9  48.4121235959
R    400.00    130.00 01 0   0 0.0   0 0   0.0 339921.7 5539606.2  47.2121235959
R    400.00    131.00 01 0   0 0.0   0 0   0.0 339949.7 5539564.1  46.1121235959
R    400.00    132.00 01 0   0 0.0   0 0   0.0 339976.3 5539521.5  45.0121235959
R    400.00    133.00 01 0   0 0.0   0 0   0.0 340002.2 5539481.1  43.8121235959
R    400.00    134.00 01 0   0 0.0   0 0   0.0 340028.9 5539438.1  42.7121235959
R    400.00    135.00 01 0   0 0.0   0 0   0.0 340057.6 5539396.7  41.5121235959
R    400.00    136.00 01 0   0 0.0   0 0   0.0 340085.5 5539353.2  40.3121235959
R    400.00    137.00 01 0   0 0.0   0 0   0.0 340112.8 5539312.6  39.1121235959
R    400.00    138.00 01 0   0 0.0   0 0   0.0 340139.3 5539270.5  37.9121235959
R    400.00    139.00 01 0   0 0.0   0 0   0.0 340166.4 5539228.2  36.7121235959
R    400.00    140.00 01 0   0 0.0   0 0   0.0 340191.4 5539186.5  35.5121235959
R    400.00    141.00 01 0   0 0.0   0 0   0.0 340219.6 5539143.3  34.2121235959
R    400.00    142.00 01 0   0 0.0   0 0   0.0 340246.5 5539101.8  32.9121235959
R    400.00    143.00 01 0   0 0.0   0 0   0.0 340274.2 5539058.9  31.7121235959
R    400.00    144.00 01 0   0 0.0   0 0   0.0 340300.7 5539018.0  30.4121235959
R    400.00    145.00 01 0   0 0.0   0 0   0.0 340326.7 5538974.8  29.0121235959
R    400.00    146.00 01 0   0 0.0   0 0   0.0 340353.8 5538932.7  27.7121235959
R    400.00    147.00 01 0   0 0.0   0 0   0.0 340382.0 5538891.9  26.3121235959
R    400.00    148.00 01 0   0 0.0   0 0   0.0 340407.0 5538848.9  24.9121235959
R    400.00    149.00 01 0   0 0.0   0 0   0.0 340434.5 5538806.0  23.5121235959
R    400.00    150.00 01 0   0 0.0   0 0   0.0 340462.2 5538765.0  22.1121235959
R    400.00    151.00 01 0   0 0.0   0 0   0.0 340490.2 5538723.3  20.6121235959
R    400.00    152.00 01 0   0 0.0   0 0   0.0 340517.1 5538680.3  19.1121235959
R    400.00    153.00 01 0   0 0.0   0 0   0.0 340544.2 5538638.5  17.6121235959
R    400.00    154.00 01 0   0 0.0   0 0   0.0 340570.3 5538596.4  16.1121235959
R    400.00    155.00 01 0   0 0.0   0 0   0.0 340597.1 5538553.4  14.5121235959
R    500.00    101.00 01 0   0 0.0   0 0   0.0 339224.3 5540881.4  75.0121235959
R    500.00    102.00 01 0   0 0.0   0 0   0.0 339252.4 5540839.4  74.1121235959
R    500.00    103.00 01 0   0 0.0   0 0   0.0 339280.2 5540797.8  73.2121235959
R    500.00    104.00 01 0   0 0.0   0 0   0.0 339306.3 5540756.2  72.3121235959
R    500.00    105.00 01 0   0 0.0   0 0   0.0 339332.6 5540713.1  71.4121235959
R    500.00    106.00 01 0   0 0.0   0 0   0.0 339359.8 5540671.9  70.5121235959
R    500.00    107.00 01 0   0 0.0   0 0   0.0 339387.5 5540628.3  69.5121235959
R    500.00    108.00 01 0   0 0.0   0 0   0.0 339412.2 5540587.7  68.6121235959
R    500.00    109.00 01 0   0 0.0   0 0   0.0 339439.5 5540544.7  67.6121235959
R    500.00    110.00 01 0   0 0.0   0 0   0.0 339468.1 5540503.1  66.7121235959
R    500.00    111.00 01 0   0 0.0   0 0   0.0 339494.6 5540460.4  65.7121235959
R    500.00    112.00 01 0   0 0.0   0 0   0.0 339521.8 5540417.6  64.7121235959
R    500.00    113.00 01 0   0 0.0   0 0   0.0 339549.7 5540376.0  63.8121235959
R    500.00    114.00 01 0   0 0.0   0 0   0.0 339575.8 5540335.0  62.8121235959
R    500.00    115.00 01 0   0 0.0   0 0   0.0 339602.5 5540291.5  61.8121235959
R    500.00    116.00 01 0   0 0.0   0 0   0.0 339629.9 5540249.5  60.8121235959
R    500.00    117.00 01 0   0 0.0   0 0   0.0 339655.8 5540208.2  59.8121235959
R    500.00    118.00 01 0   0 0.0   0 0   0.0 339683.9 5540165.6  58.8121235959
R    500.00    119.00 01 0   0 0.0   0 0   0.0 339711.3 5540124.3  57.8121235959
R    500.00    120.00 01 0   0 0.0   0 0   0.0 339738.0 5540082.4  56.8121235959
R    500.00    121.00 01 0   0 0.0   0 0   0.0 339763.8 5540039.6  55.7121235959
R    500.00    122.00 01 0   0 0.0   0 0   0.0 339791.0 5539996.9  54.7121235959
R    500.00    123.00 01 0   0 0.0   0 0   0.0 339818.0 5539954.9  53.6121235959
R    500.00    124.00 01 0   0 0.0   0 0   0.0 339845.4 5539912.7  52.6121235959
R    500.00    125.00 01 0   0 0.0   0 0   0.0 339871.7 5539872.2  51.5121235959
R    500.00    126.00 01 0   0 0.0   0 0   0.0 339898.6 5539829.9  50.4121235959
R    500.00    127.00 01 0   0 0.0   0 0   0.0 339925.0 5539786.5  49.4121235959
R    500.00    128.00 01 0   0 0.0   0 0   0.0 339952.7 5539745.9  48.3121235959
R    500.00    129.00 01 0   0 0.0   0 0   0.0 339980.9 5539702.2  47.2121235959
R    500.00    130.00 01 0   0 0.0   0 0   0.0 340005.5 5539660.1  46.0121235959
R    500.00    131.00 01 0   0 0.0   0 0   0.0 340033.7 5539618.7  44.9121235959
R    500.00    132.00 01 0   0 0.0   0 0   0.0 340062.0 5539576.2  43.8121235959
R    500.00    133.00 01 0   0 0.0   0 0   0.0 340088.9 5539534.1  42.6121235959
R    500.00    134.00 01 0   0 0.0   0 0   0.0 340114.9 5539492.0  41.5121235959
R    500.00    135.00 01 0   0 0.0   0 0   0.0 340142.5 5539449.5  40.3121235959
R    500.00    136.00 01 0   0 0.0   0 0   0.0 340168.6 5539408.1  39.1121235959
R    500.00    137.00 01 0   0 0.0   0 0   0.0 340196.7 5539366.8  37.9121235959
R    500.00    138.00 01 0   0 0.0   0 0   0.0 340221.3 5539324.7  36.7121235959
R    500.00    139.00 01 0   0 0.0   0 0   0.0 340250.0 5539282.6  35.5121235959
R    500.00    140.00 01 0   0 0.0   0 0   0.0 340276.6 5539238.9  34.2121235959
R    500.00    141.00 01 0   0 0.0   0 0   0.0 340301.9 5539196.6  33.0121235959
R    500.00    142.00 01 0   0 0.0   0 0   0.0 340330.7 5539154.9  31.7121235959
R    500.00    143.00 01 0   0 0.0   0 0   0.0 340357.2 5539113.9  30.4121235959
R    500.00    144.00 01 0   0 0.0   0 0   0.0 340383.6 5539070.9  29.1121235959
R    500.00    145.00 01 0   0 0.0   0 0   0.0 340410.2 5539029.8  27.8121235959
R    500.00    146.00 01 0   0 0.0   0 0   0.0 340438.3 5538986.7  26.5121235959
R    500.00    147.00 01 0   0 0.0   0 0   0.0 340464.7 5538943.9  25.1121235959
R    500.00    148.00 01 0   0 0.0   0 0   0.0 340491.1 5538903.6  23.7121235959
R    500.00    149.00 01 0   0 0.0   0 0   0.0 340518.6 5538859.8  22.3121235959
R    500.00    150.00 01 0   0 0.0   0 0   0.0 340545.0 5538817.8  20.9121235959
R    500.00    151.00 01 0   0 0.0   0 0   0.0 340573.0 5538775.6  19.4121235959
R    500.00    152.00 01 0   0 0.0   0 0   0.0 340600.9 5538734.8  17.9121235959
R    500.00    153.00 01 0   0 0.0   0 0   0.0 340628.2 5538691.5  16.4121235959
R    500.00    154.00 01 0   0 0.0   0 0   0.0 340655.2 5538650.0  14.9121235959
R    500.00    155.00 01 0   0 0.0   0 0   0.0 340682.3 5538608.0  13.3121235959
R    600.00    101.00 01 0   0 0.0   0 0   0.0 339308.3 5540934.8  73.9121235959
R    600.00    102.00 01 0   0 0.0   0 0   0.0 339337.2 5540894.4  73.0121235959
R    600.00    103.00 01 0   0 0.0   0 0   0.0 339362.6 5540851.1  72.1121235959
R    600.00    104.00 01 0   0 0.0   0 0   0.0 339391.1 5540808.3  71.2121235959
R    600.00    105.00 01 0   0 0.0   0 0   0.0 339416.9 5540766.4  70.3121235959
R    600.00    106.00 01 0   0 0.0   0 0   0.0 339443.3 5540724.6  69.3121235959
R    600.00    107.00 01 0   0 0.0   0 0   0.0 339471.6 5540682.4  68.4121235959
R    600.00    108.00 01 0   0 0.0   0 0   0.0 339496.7 5540641.7  67.4121235959
R    600.00    109.00 01 0   0 0.0   0 0   0.0 339524.7 5540599.7  66.5121235959
R    600.00    110.00 01 0   0 0.0   0 0   0.0 339552.0 5540556.5  65.5121235959
R    600.00    111.00 01 0   0 0.0   0 0   0.0 339580.1 5540515.2  64.6121235959
R    600.00    112.00 01 0   0 0.0   0 0   0.0 339604.8 5540473.1  63.6121235959
R    600.00    113.00 01 0   0 0.0   0 0   0.0 339633.0 5540429.6  62.6121235959
R    600.00    114.00 01 0   0 0.0   0 0   0.0 339659.6 5540388.8  61.6121235959
R    600.00    115.00 01 0   0 0.0   0 0   0.0 339687.7 5540346.0  60.6121235959
R    600.00    116.00 01 0   0 0.0   0 0   0.0 339713.6 5540304.3  59.6121235959
R    600.00    117.00 01 0   0 0.0   0 0   0.0 339741.7 5540261.2  58.6121235959
R    600.00    118.00 01 0   0 0.0   0 0   0.0 339768.5 5540219.0  57.6121235959
R    600.00    119.00 01 0   0 0.0   0 0   0.0 339793.8 5540178.0  56.6121235959
R    600.00    120.00 01 0   0 0.0   0 0   0.0 339822.1 5540135.8  55.6121235959
R    600.00    121.00 01 0   0 0.0   0 0   0.0 339847.8 5540094.4  54.5121235959
R    600.00    122.00 01 0   0 0.0   0 0   0.0 339875.5 5540050.5  53.5121235959
R    600.00    123.00 01 0   0 0.0   0 0   0.0 339903.6 5540009.0  52.4121235959
R    600.00    124.00 01 0   0 0.0   0 0   0.0 339929.8 5539966.7  51.4121235959
R    600.00    125.00 01 0   0 0.0   0 0   0.0 339957.6 5539925.0  50.3121235959
R    600.00    126.00 01 0   0 0.0   0 0   0.0 339983.3 5539883.3  49.2121235959
R    600.00    127.00 01 0   0 0.0   0 0   0.0 340011.1 5539841.4  48.1121235959
R    600.00    128.00 01 0   0 0.0   0 0   0.0 340037.1 5539799.3  47.0121235959
R    600.00    129.00 01 0   0 0.0   0 0   0.0 340064.0 5539756.0  45.9121235959
R    600.00    130.00 01 0   0 0.0   0 0   0.0 340089.6 5539714.4  44.8121235959
R    600.00    131.00 01 0   0 0.0   0 0   0.0 340119.2 5539673.3  43.7121235959
R    600.00    132.00 01 0   0 0.0   0 0   0.0 340144.1 5539631.0  42.5121235959
R    600.00    133.00 01 0   0 0.0   0 0   0.0 340170.6 5539588.8  41.4121235959
R    600.00    134.00 01 0   0 0.0   0 0   0.0 340199.5 5539545.8  40.2121235959
R    600.00    135.00 01 0   0 0.0   0 0   0.0 340225.3 5539503.1  39.0121235959
R    600.00    136.00 01 0   0 0.0   0 0   0.0 340253.2 5539461.8  37.8121235959
R    600.00    137.00 01 0   0 0.0   0 0   0.0 340279.8 5539419.9  36.6121235959
R    600.00    138.00 01 0   0 0.0   0 0   0.0 340307.0 5539377.8  35.4121235959
R    600.00    139.00 01 0   0 0.0   0 0   0.0 340334.7 5539335.0  34.2121235959
R    600.00    140.00 01 0   0 0.0   0 0   0.0 340360.8 5539292.7  32.9121235959
R    600.00    141.00 01 0   0 0.0   0 0   0.0 340386.2 5539251.7  31.7121235959
R    600.00    142.00 01 0   0 0.0   0 0   0.0 340415.5 5539208.8  30.4121235959
R    600.00    143.00 01 0   0 0.0   0 0   0.0 340442.5 5539168.1  29.1121235959
R    600.00    144.00 01 0   0 0.0   0 0   0.0 340467.7 5539125.3  27.8121235959
R    600.00    145.00 01 0   0 0.0   0 0   0.0 340495.5 5539083.3  26.5121235959
R    600.00    146.00 01 0   0 0.0   0 0   0.0 340522.7 5539041.6  25.1121235959
R    600.00    147.00 01 0   0 0.0   0 0   0.0 340550.3 5538998.9  23.8121235959
R    600.00    148.00 01 0   0 0.0   0 0   0.0 340577.9 5538957.0  22.4121235959
R    600.00    149.00 01 0   0 0.0   0 0   0.0 340603.1 5538915.0  21.0121235959
R    600.00    150.00 01 0   0 0.0   0 0   0.0 340629.2 5538872.1  19.6121235959
R    600.00    151.00 01 0   0 0.0   0 0   0.0 340658.3 5538831.2  18.1121235959
R    600.00    152.00 01 0   0 0.0   0 0   0.0 340683.6 5538787.9  16.6121235959
R    600.00    153.00 01 0   0 0.0   0 0   0.0 340710.7 5538745.4  15.1121235959
R    600.00    154.00 01 0   0 0.0   0 0   0.0 340736.9 5538703.3  13.6121235959
R    600.00    155.00 01 0   0 0.0   0 0   0.0 340764.1 5538661.8  12.0121235959
R    700.00    101.00 01 0   0 0.0   0 0   0.0 339393.0 5540988.8  72.8121235959
R    700.00    102.00 01 0   0 0.0   0 0   0.0 339418.9 5540947.2  71.9121235959
R    700.00    103.00 01 0   0 0.0   0 0   0.0 339447.0 5540906.3  71.0121235959
R    700.00    104.00 01 0   0 0.0   0 0   0.0 339473.7 5540862.8  70.0121235959
R    700.00    105.00 01 0   0 0.0   0 0   0.0 339500.4 5540821.1  69.1121235959
R    700.00    106.00 01 0   0 0.0   0 0   0.0 339527.1 5540780.0  68.2121235959
R    700.00    107.00 01 0   0 0.0   0 0   0.0 339554.2 5540736.8  67.2121235959
R    700.00    108.00 01 0   0 0.0   0 0   0.0 339581.1 5540694.1  66.3121235959
R    700.00    109.00 01 0   0 0.0   0 0   0.0 339609.6 5540652.2  65.3121235959
R    700.00    110.00 01 0   0 0.0   0 0   0.0 339635.9 5540611.5  64.3121235959
R    700.00    111.00 01 0   0 0.0   0 0   0.0 339664.0 5540569.5  63.4121235959
R    700.00    112.00 01 0   0 0.0   0 0   0.0 339690.0 5540526.7  62.4121235959
R    700.00    113.00 01 0   0 0.0   0 0   0.0 339715.9 5540483.4  61.4121235959
R    700.00    114.00 01 0   0 0.0   0 0   0.0 339745.1 5540441.4  60.4121235959
R    700.00    115.00 01 0   0 0.0   0 0   0.0 339769.9 5540399.9  59.4121235959
R    700.00    116.00 01 0   0 0.0   0 0   0.0 339798.6 5540358.1  58.4121235959
R    700.00    117.00 01 0   0 0.0   0 0   0.0 339823.8 5540316.2  57.4121235959
R    700.00    118.00 01 0   0 0.0   0 0   0.0 339850.4 5540274.4  56.4121235959
R    700.00    119.00 01 0   0 0.0   0 0   0.0 339878.5 5540231.5  55.4121235959
R    700.00    120.00 01 0   0 0.0   0 0   0.0 339904.7 5540190.5  54.3121235959
R    700.00    121.00 01 0   0 0.0   0 0   0.0 339932.8 5540147.9  53.3121235959
R    700.00    122.00 01 0   0 0.0   0 0   0.0 339958.4 5540106.1  52.2121235959
R    700.00    123.00 01 0   0 0.0   0 0   0.0 339987.9 5540063.5  51.2121235959
R    700.00    124.00 01 0   0 0.0   0 0   0.0 340013.0 5540021.2  50.1121235959
R    700.00    125.00 01 0   0 0.0   0 0   0.0 340040.2 5539979.4  49.0121235959
R    700.00    126.00 01 0   0 0.0   0 0   0.0 340068.5 5539936.0  47.9121235959
R    700.00    127.00 01 0   0 0.0   0 0   0.0 340095.1 5539895.6  46.8121235959
R    700.00    128.00 01 0   0 0.0   0 0   0.0 340122.3 5539852.6  45.7121235959
R    700.00    129.00 01 0   0 0.0   0 0   0.0 340147.4 5539809.7  44.6121235959
R    700.00    130.00 01 0   0 0.0   0 0   0.0 340175.4 5539768.8  43.5121235959
R    700.00    131.00 01 0   0 0.0   0 0   0.0 340201.3 5539726.3  42.4121235959
R    700.00    132.00 01 0   0 0.0   0 0   0.0 340229.3 5539683.8  41.2121235959
R    700.00    133.00 01 0   0 0.0   0 0   0.0 340255.1 5539642.6  40.0121235959
R    700.00    134.00 01 0   0 0.0   0 0   0.0 340282.8 5539599.3  38.9121235959
R    700.00    135.00 01 0   0 0.0   0 0   0.0 340311.2 5539559.0  37.7121235959
R    700.00    136.00 01 0   0 0.0   0 0   0.0 340337.4 5539516.3  36.5121235959
R    700.00    137.00 01 0   0 0.0   0 0   0.0 340363.2 5539474.0  35.3121235959
R    700.00    138.00 01 0   0 0.0   0 0   0.0 340390.7 5539431.6  34.1121235959
R    700.00    139.00 01 0   0 0.0   0 0   0.0 340418.5 5539389.1  32.8121235959
R    700.00    140.00 01 0   0 0.0   0 0   0.0 340443.9 5539346.6  31.6121235959
R    700.00    141.00 01 0   0 0.0   0 0   0.0 340471.3 5539305.7  30.3121235959
R    700.00    142.00 01 0   0 0.0   0 0   0.0 340499.9 5539263.6  29.0121235959
R    700.00    143.00 01 0   0 0.0   0 0   0.0 340526.0 5539220.6  27.7121235959
R    700.00    144.00 01 0   0 0.0   0 0   0.0 340553.8 5539178.2  26.4121235959
R    700.00    145.00 01 0   0 0.0   0 0   0.0 340579.4 5539137.1  25.1121235959
R    700.00    146.00 01 0   0 0.0   0 0   0.0 340607.3 5539094.7  23.7121235959
R    700.00    147.00 01 0   0 0.0   0 0   0.0 340633.5 5539052.8  22.4121235959
R    700.00    148.00 01 0   0 0.0   0 0   0.0 340661.2 5539011.6  21.0121235959
R    700.00    149.00 01 0   0 0.0   0 0   0.0 340686.2 5538967.9  19.6121235959
R    700.00    150.00 01 0   0 0.0   0 0   0.0 340713.2 5538926.2  18.1121235959
R    700.00    151.00 01 0   0 0.0   0 0   0.0 340742.5 5538884.8  16.7121235959
R    700.00    152.00 01 0   0 0.0   0 0   0.0 340769.1 5538841.9  15.2121235959
R    700.00    153.00 01 0   0 0.0   0 0   0.0 340796.7 5538799.7  13.7121235959
R    700.00    154.00 01 0   0 0.0   0 0   0.0 340822.8 5538757.1  12.2121235959
R    700.00    155.00 01 0   0 0.0   0 0   0.0 340850.2 5538715.7  10.6121235959
R    800.00    101.00 01 0   0 0.0   0 0   0.0 339477.9 5541043.8  71.6121235959
R    800.00    102.00 01 0   0 0.0   0 0   0.0 339505.2 5541001.9  70.7121235959
R    800.00    103.00 01 0   0 0.0   0 0   0.0 339532.8 5540959.1  69.8121235959
R    800.00    104.00 01 0   0 0.0   0 0   0.0 339559.6 5540917.8  68.8121235959
R    800.00    105.00 01 0   0 0.0   0 0   0.0 339585.9 5540874.2  67.9121235959
R    800.00    106.00 01 0   0 0.0   0 0   0.0 339612.6 5540833.8  67.0121235959
R    800.00    107.00 01 0   0 0.0   0 0   0.0 339639.5 5540790.5  66.0121235959
R    800.00    108.00 01 0   0 0.0   0 0   0.0 339666.6 5540748.0  65.0121235959
R    800.00    109.00 01 0   0 0.0   0 0   0.0 339694.0 5540707.0  64.1121235959
R    800.00    110.00 01 0   0 0.0   0 0   0.0 339720.2 5540664.1  63.1121235959
R    800.00    111.00 01 0   0 0.0   0 0   0.0 339745.6 5540622.9  62.1121235959
R    800.00    112.00 01 0   0 0.0   0 0   0.0 339774.9 5540580.3  61.2121235959
R    800.00    113.00 01 0   0 0.0   0 0   0.0 339801.5 5540539.1  60.2121235959
R    800.00    114.00 01 0   0 0.0   0 0   0.0 339827.7 5540496.8  59.2121235959
R    800.00    115.00 01 0   0 0.0   0 0   0.0 339854.7 5540453.2  58.2121235959
R    800.00    116.00 01 0   0 0.0   0 0   0.0 339880.8 5540412.1  57.2121235959
R    800.00    117.00 01 0   0 0.0   0 0   0.0 339909.9 5540370.5  56.1121235959
R    800.00    118.00 01 0   0 0.0   0 0   0.0 339936.4 5540327.0  55.1121235959
R    800.00    119.00 01 0   0 0.0   0 0   0.0 339961.5 5540285.3  54.1121235959
R    800.00    120.00 01 0   0 0.0   0 0   0.0 339990.0 5540244.2  53.0121235959
R    800.00    121.00 01 0   0 0.0   0 0   0.0 340016.3 5540201.3  52.0121235959
R    800.00    122.00 01 0   0 0.0   0 0   0.0 340044.8 5540159.7  50.9121235959
R    800.00    123.00 01 0   0 0.0   0 0   0.0 340071.4 5540118.0  49.9121235959
R    800.00    124.00 01 0   0 0.0   0 0   0.0 340098.4 5540074.4  48.8121235959
R    800.00    125.00 01 0   0 0.0   0 0   0.0 340125.0 5540032.3  47.7121235959
R    800.00    126.00 01 0   0 0.0   0 0   0.0 340152.9 5539991.4  46.6121235959
R    800.00    127.00 01 0   0 0.0   0 0   0.0 340178.6 5539948.7  45.5121235959
R    800.00    128.00 01 0   0 0.0   0 0   0.0 340205.1 5539907.2  44.4121235959
R    800.00    129.00 01 0   0 0.0   0 0   0.0 340233.9 5539863.8  43.3121235959
R    800.00    130.00 01 0   0 0.0   0 0   0.0 340259.5 5539821.7  42.1121235959
R    800.00    131.00 01 0   0 0.0   0 0   0.0 340286.8 5539781.0  41.0121235959
R    800.00    132.00 01 0   0 0.0   0 0   0.0 340314.2 5539737.7  39.8121235959
R    800.00    133.00 01 0   0 0.0   0 0   0.0 340341.4 5539696.8  38.7121235959
R    800.00    134.00 01 0   0 0.0   0 0   0.0 340368.5 5539653.8  37.5121235959
R    800.00    135.00 01 0   0 0.0   0 0   0.0 340395.7 5539612.8  36.3121235959
R    800.00    136.00 01 0   0 0.0   0 0   0.0 340421.0 5539570.1  35.1121235959
R    800.00    137.00 01 0   0 0.0   0 0   0.0 340448.6 5539528.0  33.9121235959
R    800.00    138.00 01 0   0 0.0   0 0   0.0 340474.1 5539486.0  32.6121235959
R    800.00    139.00 01 0   0 0.0   0 0   0.0 340502.9 5539444.0  31.4121235959
R    800.00    140.00 01 0   0 0.0   0 0   0.0 340529.2 5539401.3  30.1121235959
R    800.00    141.00 01 0   0 0.0   0 0   0.0 340556.7 5539360.2  28.9121235959
R    800.00    142.00 01 0   0 0.0   0 0   0.0 340583.9 5539316.5  27.6121235959
R    800.00    143.00 01 0   0 0.0   0 0   0.0 340609.1 5539274.4  26.3121235959
R    800.00    144.00 01 0   0 0.0   0 0   0.0 340637.1 5539232.4  25.0121235959
R    800.00    145.00 01 0   0 0.0   0 0   0.0 340665.2 5539190.3  23.6121235959
R    800.00    146.00 01 0   0 0.0   0 0   0.0 340691.9 5539149.2  22.3121235959
R    800.00    147.00 01 0   0 0.0   0 0   0.0 340719.0 5539106.6  20.9121235959
R    800.00    148.00 01 0   0 0.0   0 0   0.0 340744.7 5539064.2  19.5121235959
R    800.00    149.00 01 0   0 0.0   0 0   0.0 340772.9 5539023.0  18.1121235959
R    800.00    150.00 01 0   0 0.0   0 0   0.0 340799.5 5538979.6  16.6121235959
R    800.00    151.00 01 0   0 0.0   0 0   0.0 340826.6 5538937.4  15.2121235959
R    800.00    152.00 01 0   0 0.0   0 0   0.0 340851.2 5538896.2  13.7121235959
R    800.00    153.00 01 0   0 0.0   0 0   0.0 340879.2 5538853.1  12.2121235959
R    800.00    154.00 01 0   0 0.0   0 0   0.0 340906.9 5538812.2  10.6121235959
R    800.00    155.00 01 0   0 0.0   0 0   0.0 340932.5 5538770.1   9.1121235959
R    900.00    101.00 01 0   0 0.0   0 0   0.0 339562.7 5541096.8  70.4121235959
R    900.00    102.00 01 0   0 0.0   0 0   0.0 339589.3 5541054.4  69.5121235959
R    900.00    103.00 01 0   0 0.0   0 0   0.0 339614.8 5541012.4  68.6121235959
R    900.00    104.00 01 0   0 0.0   0 0   0.0 339642.4 5540971.2  67.6121235959
R    900.00    105.00 01 0   0 0.0   0 0   0.0 339669.2 5540928.3  66.7121235959
R    900.00    106.00 01 0   0 0.0   0 0   0.0 339697.9 5540886.4  65.7121235959
R    900.00    107.00 01 0   0 0.0   0 0   0.0 339722.1 5540845.0  64.8121235959
R    900.00    108.00 01 0   0 0.0   0 0   0.0 339751.8 5540802.6  63.8121235959
R    900.00    109.00 01 0   0 0.0   0 0   0.0 339777.4 5540759.9  62.8121235959
R    900.00    110.00 01 0   0 0.0   0 0   0.0 339805.5 5540718.3  61.9121235959
R    900.00    111.00 01 0   0 0.0   0 0   0.0 339830.0 5540675.9  60.9121235959
R    900.00    112.00 01 0   0 0.0   0 0   0.0 339857.1 5540634.4  59.9121235959
R    900.00    113.00 01 0   0 0.0   0 0   0.0 339886.5 5540592.9  58.9121235959
R    900.00    114.00 01 0   0 0.0   0 0   0.0 339913.0 5540550.3  57.9121235959
R    900.00    115.00 01 0   0 0.0   0 0   0.0 339938.4 5540508.1  56.9121235959
R    900.00    116.00 01 0   0 0.0   0 0   0.0 339967.3 5540466.5  55.9121235959
R    900.00    117.00 01 0   0 0.0   0 0   0.0 339993.8 5540423.7  54.8121235959
R    900.00    118.00 01 0   0 0.0   0 0   0.0 340021.6 5540381.8  53.8121235959
R    900.00    119.00 01 0   0 0.0   0 0   0.0 340045.6 5540339.3  52.8121235959
R    900.00    120.00 01 0   0 0.0   0 0   0.0 340073.3 5540296.7  51.7121235959
R    900.00    121.00 01 0   0 0.0   0 0   0.0 340101.1 5540254.6  50.6121235959
R    900.00    122.00 01 0   0 0.0   0 0   0.0 340127.9 5540212.5  49.6121235959
R    900.00    123.00 01 0   0 0.0   0 0   0.0 340153.8 5540171.3  48.5121235959
R    900.00    124.00 01 0   0 0.0   0 0   0.0 340180.7 5540129.8  47.4121235959
R    900.00    125.00 01 0   0 0.0   0 0   0.0 340209.7 5540086.7  46.3121235959
R    900.00    126.00 01 0   0 0.0   0 0   0.0 340236.0 5540044.0  45.2121235959
R    900.00    127.00 01 0   0 0.0   0 0   0.0 340262.6 5540003.2  44.1121235959
R    900.00    128.00 01 0   0 0.0   0 0   0.0 340289.2 5539961.3  43.0121235959
R    900.00    129.00 01 0   0 0.0   0 0   0.0 340315.8 5539919.5  41.9121235959
R    900.00    130.00 01 0   0 0.0   0 0   0.0 340343.5 5539876.8  40.7121235959
R    900.00    131.00 01 0   0 0.0   0 0   0.0 340371.3 5539833.4  39.6121235959
R    900.00    132.00 01 0   0 0.0   0 0   0.0 340396.7 5539792.1  38.4121235959
R    900.00    133.00 01 0   0 0.0   0 0   0.0 340424.0 5539750.3  37.2121235959
R    900.00    134.00 01 0   0 0.0   0 0   0.0 340450.5 5539707.3  36.0121235959
R    900.00    135.00 01 0   0 0.0   0 0   0.0 340478.5 5539666.7  34.8121235959
R    900.00    136.00 01 0   0 0.0   0 0   0.0 340506.8 5539624.2  33.6121235959
R    900.00    137.00 01 0   0 0.0   0 0   0.0 340532.9 5539582.4  32.4121235959
R    900.00    138.00 01 0   0 0.0   0 0   0.0 340558.4 5539539.3  31.1121235959
R    900.00    139.00 01 0   0 0.0   0 0   0.0 340585.6 5539498.1  29.9121235959
R    900.00    140.00 01 0   0 0.0   0 0   0.0 340613.8 5539456.3  28.6121235959
R    900.00    141.00 01 0   0 0.0   0 0   0.0 340640.3 5539412.2  27.3121235959
R    900.00    142.00 01 0   0 0.0   0 0   0.0 340668.3 5539371.4  26.0121235959
R    900.00    143.00 01 0   0 0.0   0 0   0.0 340694.2 5539328.2  24.7121235959
R    900.00    144.00 01 0   0 0.0   0 0   0.0 340722.3 5539287.7  23.4121235959
R    900.00    145.00 01 0   0 0.0   0 0   0.0 340748.9 5539244.0  22.0121235959
R    900.00    146.00 01 0   0 0.0   0 0   0.0 340774.8 5539202.2  20.7121235959
R    900.00    147.00 01 0   0 0.0   0 0   0.0 340803.4 5539161.4  19.3121235959
R    900.00    148.00 01 0   0 0.0   0 0   0.0 340830.2 5539118.3  17.9121235959
R    900.00    149.00 01 0   0 0.0   0 0   0.0 340854.8 5539076.0  16.5121235959
R    900.00    150.00 01 0   0 0.0   0 0   0.0 340883.7 5539034.3  15.0121235959
R    900.00    151.00 01 0   0 0.0   0 0   0.0 340911.2 5538992.3  13.5121235959
R    900.00    152.00 01 0   0 0.0   0 0   0.0 340935.7 5538950.6  12.0121235959
R    900.00    153.00 01 0   0 0.0   0 0   0.0 340962.6 5538908.8  10.5121235959
R    900.00    154.00 01 0   0 0.0   0 0   0.0 340989.3 5538865.3   9.0121235959
R    900.00    155.00 01 0   0 0.0   0 0   0.0 341017.8 5538823.9   7.4121235959
R   1000.00    101.00 01 0   0 0.0   0 0   0.0 339644.9 5541150.4  69.2121235959
R   1000.00    102.00 01 0   0 0.0   0 0   0.0 339672.4 5541109.7  68.2121235959
R   1000.00    103.00 01 0   0 0.0   0 0   0.0 339700.5 5541066.2  67.3121235959
R   1000.00    104.00 01 0   0 0.0   0 0   0.0 339726.2 5541024.9  66.4121235959
R   1000.00    105.00 01 0   0 0.0   0 0   0.0 339754.6 5540982.1  65.4121235959
R   1000.00    106.00 01 0   0 0.0   0 0   0.0 339781.0 5540941.2  64.4121235959
R   1000.00    107.00 01 0   0 0.0   0 0   0.0 339807.8 5540897.8  63.5121235959
R   1000.00    108.00 01 0   0 0.0   0 0   0.0 339833.6 5540857.4  62.5121235959
R   1000.00    109.00 01 0   0 0.0   0 0   0.0 339860.4 5540814.8  61.5121235959
R   1000.00    110.00 01 0   0 0.0   0 0   0.0 339888.6 5540772.0  60.6121235959
R   1000.00    111.00 01 0   0 0.0   0 0   0.0 339914.8 5540730.0  59.6121235959
R   1000.00    112.00 01 0   0 0.0   0 0   0.0 339941.3 5540688.6  58.6121235959
R   1000.00    113.00 01 0   0 0.0   0 0   0.0 339970.5 5540646.7  57.6121235959
R   1000.00    114.00 01 0   0 0.0   0 0   0.0 339996.2 5540604.5  56.6121235959
R   1000.00    115.00 01 0   0 0.0   0 0   0.0 340023.4 5540562.8  55.5121235959
R   1000.00    116.00 01 0   0 0.0   0 0   0.0 340049.0 5540520.1  54.5121235959
R   1000.00    117.00 01 0   0 0.0   0 0   0.0 340075.8 5540477.6  53.5121235959
R   1000.00    118.00 01 0   0 0.0   0 0   0.0 340105.3 5540434.8  52.4121235959
R   1000.00    119.00 01 0   0 0.0   0 0   0.0 340131.2 5540394.0  51.4121235959
R   1000.00    120.00 01 0   0 0.0   0 0   0.0 340158.2 5540351.8  50.3121235959
R   1000.00    121.00 01 0   0 0.0   0 0   0.0 340185.3 5540309.8  49.3121235959
R   1000.00    122.00 01 0   0 0.0   0 0   0.0 340211.9 5540266.9  48.2121235959
R   1000.00    123.00 01 0   0 0.0   0 0   0.0 340240.0 5540224.7  47.1121235959
R   1000.00    124.00 01 0   0 0.0   0 0   0.0 340266.6 5540183.5  46.0121235959
R   1000.00    125.00 01 0   0 0.0   0 0   0.0 340292.2 5540140.1  44.9121235959
R   1000.00    126.00 01 0   0 0.0   0 0   0.0 340319.0 5540099.0  43.8121235959
R   1000.00    127.00 01 0   0 0.0   0 0   0.0 340348.1 5540056.6  42.7121235959
R   1000.00    128.00 01 0   0 0.0   0 0   0.0 340374.6 5540013.7  41.5121235959
R   1000.00    129.00 01 0   0 0.0   0 0   0.0 340399.6 5539971.7  40.4121235959
R   1000.00    130.00 01 0   0 0.0   0 0   0.0 340427.4 5539929.7  39.2121235959
R   1000.00    131.00 01 0   0 0.0   0 0   0.0 340454.2 5539888.5  38.1121235959
R   1000.00    132.00 01 0   0 0.0   0 0   0.0 340482.6 5539845.5  36.9121235959
R   1000.00    133.00 01 0   0 0.0   0 0   0.0 340508.3 5539803.5  35.7121235959
R   1000.00    134.00 01 0   0 0.0   0 0   0.0 340536.0 5539762.2  34.5121235959
R   1000.00    135.00 01 0   0 0.0   0 0   0.0 340561.2 5539719.3  33.3121235959
R   1000.00    136.00 01 0   0 0.0   0 0   0.0 340588.6 5539676.7  32.1121235959
R   1000.00    137.00 01 0   0 0.0   0 0   0.0 340617.2 5539635.0  30.8121235959
R   1000.00    138.00 01 0   0 0.0   0 0   0.0 340643.5 5539592.8  29.6121235959
R   1000.00    139.00 01 0   0 0.0   0 0   0.0 340671.7 5539551.6  28.3121235959
R   1000.00    140.00 01 0   0 0.0   0 0   0.0 340697.1 5539509.0  27.0121235959
R   1000.00    141.00 01 0   0 0.0   0 0   0.0 340725.9 5539467.8  25.7121235959
R   1000.00    142.00 01 0   0 0.0   0 0   0.0 340749.9 5539424.5  24.4121235959
R   1000.00    143.00 01 0   0 0.0   0 0   0.0 340777.8 5539383.9  23.1121235959
R   1000.00    144.00 01 0   0 0.0   0 0   0.0 340806.4 5539340.2  21.7121235959
R   1000.00    145.00 01 0   0 0.0   0 0   0.0 340830.9 5539299.2  20.4121235959
R   1000.00    146.00 01 0   0 0.0   0 0   0.0 340858.1 5539255.7  19.0121235959
R   1000.00    147.00 01 0   0 0.0   0 0   0.0 340885.5 5539215.2  17.6121235959
R   1000.00    148.00 01 0   0 0.0   0 0   0.0 340912.8 5539172.1  16.2121235959
R   1000.00    149.00 01 0   0 0.0   0 0   0.0 340939.8 5539130.9  14.7121235959
R   1000.00    150.00 01 0   0 0.0   0 0   0.0 340966.8 5539087.2  13.3121235959
R   1000.00    151.00 01 0   0 0.0   0 0   0.0 340994.5 5539045.3  11.8121235959
R   1000.00    152.00 01 0   0 0.0   0 0   0.0 341020.1 5539003.3  10.3121235959
R   1000.00    153.00 01 0   0 0.0   0 0   0.0 341047.5 5538962.6   8.7121235959
R   1000.00    154.00 01 0   0 0.0   0 0   0.0 341074.3 5538919.5   7.2121235959
R   1000.00    155.00 01 0   0 0.0   0 0   0.0 341100.8 5538877.1   5.6121235959
