H00 SPS format version number    SPS 2.1                                        
H01 Description of survey area   Beaver Lodge Lands, Campbell River, BC, Canada 
H03 Client                       USSR                                           
H04 Geophysical contractor       L2R                                            
H05 Positioning contractor       L2R                                            
X 10001       710    100.00    102.001    1   121    100.00    101.00    112.001
X 10001       710    100.00    102.001   13   241    200.00    101.00    112.001
X 10001       710    100.00    102.001   25   361    300.00    101.00    112.001
X 10001       710    100.00    102.001   37   481    400.00    101.00    112.001
X 10001       810    100.00    104.001    1   121    100.00    101.00    112.001
X 10001       810    100.00    104.001   13   241    200.00    101.00    112.001
X 10001       810    100.00    104.001   25   361    300.00    101.00    112.001
X 10001       810    100.00    104.001   37   481    400.00    101.00    112.001
X 10001       910    100.00    106.001    1   121    200.00    101.00    112.001
X 10001       910    100.00    106.001   13   241    300.00    101.00    112.001
X 10001       910    100.00    106.001   25   361    400.00    101.00    112.001
X 10001       910    100.00    106.001   37   481    500.00    101.00    112.001
X 10001       710    100.00    108.001    1   121    300.00    101.00    112.001
X 10001       710    100.00    108.001   13   241    400.00    101.00    112.001
X 10001       710    100.00    108.001   25   361    500.00    101.00    112.001
X 10001       710    100.00    108.001   37   481    600.00    101.00    112.001
X 10001       810    100.00    110.001    1   121    400.00    101.00    112.001
X 10001       810    100.00    110.001   13   241    500.00    101.00    112.001
X 10001       810    100.00    110.001   25   361    600.00    101.00    112.001
X 10001       810    100.00    110.001   37   481    700.00    101.00    112.001
X 10001       910    100.00    112.001    1   121    400.00    101.00    112.001
X 10001       910    100.00    112.001   13   241    500.00    101.00    112.001
X 10001       910    100.00    112.001   25   361    600.00    101.00    112.001
X 10001       910    100.00    112.001   37   481    700.00    101.00    112.001
X 10001      1010    100.00    114.001    1   121    500.00    101.00    112.001
X 10001      1010    100.00    114.001   13   241    600.00    101.00    112.001
X 10001      1010    100.00    114.001   25   361    700.00    101.00    112.001
X 10001      1010    100.00    114.001   37   481    800.00    101.00    112.001
X 10001      1110    100.00    116.001    1   121    600.00    101.00    112.001
X 10001      1110    100.00    116.001   13   241    700.00    101.00    112.001
X 10001      1110    100.00    116.001   25   361    800.00    101.00    112.001
X 10001      1110    100.00    116.001   37   481    900.00    101.00    112.001
