H00 SPS format version number    SPS 2.1                                        
H01 Description of survey area   Beaver Lodge Lands, Campbell River, BC, Canada 
H03 Client                       USSR                                           
H04 Geophysical contractor       L2R                                            
H05 Positioning contractor       L2R                                            
X 10001       710    100.00    102.001    1   121    100.00    101.00    112.001
X 10001       710    100.00    102.001   13   241    200.00    101.00    112.001
X 10001       710    100.00    102.001   25   361    300.00    101.00    112.001
X 10001       710    100.00    102.001   37   481    400.00    101.00    112.001
X 10001       810    100.00    104.001    1   121    100.00    101.00    112.001
X 10001       810    100.00    104.001   13   241    200.00    101.00    112.001
X 10001       810    100.00    104.001   25   361    300.00    101.00    112.001
X 10001       810    100.00    104.001   37   481    400.00    101.00    112.001
X 10001       910    100.00    106.001    1   121    200.00    101.00    112.001
X 10001       910    100.00    106.001   13   241    300.00    101.00    112.001
X 10001       910    100.00    106.001   25   361    400.00    101.00    112.001
X 10001       910    100.00    106.001   37   481    500.00    101.00    112.001
X 10001      1010    100.00    108.001    1   121    300.00    101.00    112.001
X 10001      1010    100.00    108.001   13   241    400.00    101.00    112.001
X 10001      1010    100.00    108.001   25   361    500.00    101.00    112.001
X 10001      1010    100.00    108.001   37   481    600.00    101.00    112.001
X 10001      1110    100.00    110.001    1   121    400.00    101.00    112.001
X 10001      1110    100.00    110.001   13   241    500.00    101.00    112.001
X 10001      1110    100.00    110.001   25   361    600.00    101.00    112.001
X 10001      1110    100.00    110.001   37   481    700.00    101.00    112.001
X 10001      1210    100.00    112.001    1   121    400.00    101.00    112.001
X 10001      1210    100.00    112.001   13   241    500.00    101.00    112.001
X 10001      1210    100.00    112.001   25   361    600.00    101.00    112.001
X 10001      1210    100.00    112.001   37   481    700.00    101.00    112.001
X 10001      1310    100.00    114.001    1   121    500.00    101.00    112.001
X 10001      1310    100.00    114.001   13   241    600.00    101.00    112.001
X 10001      1310    100.00    114.001   25   361    700.00    101.00    112.001
X 10001      1310    100.00    114.001   37   481    800.00    101.00    112.001
X 10001      1410    100.00    116.001    1   121    600.00    101.00    112.001
X 10001      1410    100.00    116.001   13   241    700.00    101.00    112.001
X 10001      1410    100.00    116.001   25   361    800.00    101.00    112.001
X 10001      1410    100.00    116.001   37   481    900.00    101.00    112.001
X 10001      1510    100.00    118.001    1   121    700.00    101.00    112.001
X 10001      1510    100.00    118.001   13   241    800.00    101.00    112.001
X 10001      1510    100.00    118.001   25   361    900.00    101.00    112.001
X 10001      1510    100.00    118.001   37   481   1000.00    101.00    112.001
X 10001      1610    100.00    120.001    1   121    700.00    101.00    112.001
X 10001      1610    100.00    120.001   13   241    800.00    101.00    112.001
X 10001      1610    100.00    120.001   25   361    900.00    101.00    112.001
X 10001      1610    100.00    120.001   37   481   1000.00    101.00    112.001
X 10001      1710    300.00    102.001    1   121    100.00    101.00    112.001
X 10001      1710    300.00    102.001   13   241    200.00    101.00    112.001
X 10001      1710    300.00    102.001   25   361    300.00    101.00    112.001
X 10001      1710    300.00    102.001   37   481    400.00    101.00    112.001
X 10001      1810    300.00    104.001    1   121    100.00    101.00    112.001
X 10001      1810    300.00    104.001   13   241    200.00    101.00    112.001
X 10001      1810    300.00    104.001   25   361    300.00    101.00    112.001
X 10001      1810    300.00    104.001   37   481    400.00    101.00    112.001
X 10001      1910    300.00    106.001    1   121    200.00    101.00    112.001
X 10001      1910    300.00    106.001   13   241    300.00    101.00    112.001
X 10001      1910    300.00    106.001   25   361    400.00    101.00    112.001
X 10001      1910    300.00    106.001   37   481    500.00    101.00    112.001
X 10001      2010    300.00    108.001    1   121    300.00    101.00    112.001
X 10001      2010    300.00    108.001   13   241    400.00    101.00    112.001
X 10001      2010    300.00    108.001   25   361    500.00    101.00    112.001
X 10001      2010    300.00    108.001   37   481    600.00    101.00    112.001
X 10001      2110    300.00    110.001    1   121    400.00    101.00    112.001
X 10001      2110    300.00    110.001   13   241    500.00    101.00    112.001
X 10001      2110    300.00    110.001   25   361    600.00    101.00    112.001
X 10001      2110    300.00    110.001   37   481    700.00    101.00    112.001
X 10001      2210    300.00    112.001    1   121    400.00    101.00    112.001
X 10001      2210    300.00    112.001   13   241    500.00    101.00    112.001
X 10001      2210    300.00    112.001   25   361    600.00    101.00    112.001
X 10001      2210    300.00    112.001   37   481    700.00    101.00    112.001
X 10001      2310    300.00    114.001    1   121    500.00    101.00    112.001
X 10001      2310    300.00    114.001   13   241    600.00    101.00    112.001
X 10001      2310    300.00    114.001   25   361    700.00    101.00    112.001
X 10001      2310    300.00    114.001   37   481    800.00    101.00    112.001
X 10001      2410    300.00    116.001    1   121    600.00    101.00    112.001
X 10001      2410    300.00    116.001   13   241    700.00    101.00    112.001
X 10001      2410    300.00    116.001   25   361    800.00    101.00    112.001
X 10001      2410    300.00    116.001   37   481    900.00    101.00    112.001
X 10001      2510    300.00    118.001    1   121    700.00    101.00    112.001
X 10001      2510    300.00    118.001   13   241    800.00    101.00    112.001
X 10001      2510    300.00    118.001   25   361    900.00    101.00    112.001
X 10001      2510    300.00    118.001   37   481   1000.00    101.00    112.001
X 10001      2610    300.00    120.001    1   121    700.00    101.00    112.001
X 10001      2610    300.00    120.001   13   241    800.00    101.00    112.001
X 10001      2610    300.00    120.001   25   361    900.00    101.00    112.001
X 10001      2610    300.00    120.001   37   481   1000.00    101.00    112.001
X 10001      2710    500.00    102.001    1   121    100.00    103.00    114.001
X 10001      2710    500.00    102.001   13   241    200.00    103.00    114.001
X 10001      2710    500.00    102.001   25   361    300.00    103.00    114.001
X 10001      2710    500.00    102.001   37   481    400.00    103.00    114.001
X 10001      2810    500.00    104.001    1   121    100.00    103.00    114.001
X 10001      2810    500.00    104.001   13   241    200.00    103.00    114.001
X 10001      2810    500.00    104.001   25   361    300.00    103.00    114.001
X 10001      2810    500.00    104.001   37   481    400.00    103.00    114.001
X 10001      2910    500.00    106.001    1   121    200.00    103.00    114.001
X 10001      2910    500.00    106.001   13   241    300.00    103.00    114.001
X 10001      2910    500.00    106.001   25   361    400.00    103.00    114.001
X 10001      2910    500.00    106.001   37   481    500.00    103.00    114.001
X 10001      3010    500.00    108.001    1   121    300.00    103.00    114.001
X 10001      3010    500.00    108.001   13   241    400.00    103.00    114.001
X 10001      3010    500.00    108.001   25   361    500.00    103.00    114.001
X 10001      3010    500.00    108.001   37   481    600.00    103.00    114.001
X 10001      3110    500.00    110.001    1   121    400.00    103.00    114.001
X 10001      3110    500.00    110.001   13   241    500.00    103.00    114.001
X 10001      3110    500.00    110.001   25   361    600.00    103.00    114.001
X 10001      3110    500.00    110.001   37   481    700.00    103.00    114.001
X 10001      3210    500.00    112.001    1   121    400.00    103.00    114.001
X 10001      3210    500.00    112.001   13   241    500.00    103.00    114.001
X 10001      3210    500.00    112.001   25   361    600.00    103.00    114.001
X 10001      3210    500.00    112.001   37   481    700.00    103.00    114.001
X 10001      3310    500.00    114.001    1   121    500.00    103.00    114.001
X 10001      3310    500.00    114.001   13   241    600.00    103.00    114.001
X 10001      3310    500.00    114.001   25   361    700.00    103.00    114.001
X 10001      3310    500.00    114.001   37   481    800.00    103.00    114.001
X 10001      3410    500.00    116.001    1   121    600.00    103.00    114.001
X 10001      3410    500.00    116.001   13   241    700.00    103.00    114.001
X 10001      3410    500.00    116.001   25   361    800.00    103.00    114.001
X 10001      3410    500.00    116.001   37   481    900.00    103.00    114.001
X 10001      3510    500.00    118.001    1   121    700.00    103.00    114.001
X 10001      3510    500.00    118.001   13   241    800.00    103.00    114.001
X 10001      3510    500.00    118.001   25   361    900.00    103.00    114.001
X 10001      3510    500.00    118.001   37   481   1000.00    103.00    114.001
X 10001      3610    500.00    120.001    1   121    700.00    103.00    114.001
X 10001      3610    500.00    120.001   13   241    800.00    103.00    114.001
X 10001      3610    500.00    120.001   25   361    900.00    103.00    114.001
X 10001      3610    500.00    120.001   37   481   1000.00    103.00    114.001
X 10001      3710    700.00    102.001    1   121    100.00    107.00    118.001
X 10001      3710    700.00    102.001   13   241    200.00    107.00    118.001
X 10001      3710    700.00    102.001   25   361    300.00    107.00    118.001
X 10001      3710    700.00    102.001   37   481    400.00    107.00    118.001
X 10001      3810    700.00    104.001    1   121    100.00    107.00    118.001
X 10001      3810    700.00    104.001   13   241    200.00    107.00    118.001
X 10001      3810    700.00    104.001   25   361    300.00    107.00    118.001
X 10001      3810    700.00    104.001   37   481    400.00    107.00    118.001
X 10001      3910    700.00    106.001    1   121    200.00    107.00    118.001
X 10001      3910    700.00    106.001   13   241    300.00    107.00    118.001
X 10001      3910    700.00    106.001   25   361    400.00    107.00    118.001
X 10001      3910    700.00    106.001   37   481    500.00    107.00    118.001
X 10001      4010    700.00    108.001    1   121    300.00    107.00    118.001
X 10001      4010    700.00    108.001   13   241    400.00    107.00    118.001
X 10001      4010    700.00    108.001   25   361    500.00    107.00    118.001
X 10001      4010    700.00    108.001   37   481    600.00    107.00    118.001
X 10001      4110    700.00    110.001    1   121    400.00    107.00    118.001
X 10001      4110    700.00    110.001   13   241    500.00    107.00    118.001
X 10001      4110    700.00    110.001   25   361    600.00    107.00    118.001
X 10001      4110    700.00    110.001   37   481    700.00    107.00    118.001
X 10001      4210    700.00    112.001    1   121    400.00    107.00    118.001
X 10001      4210    700.00    112.001   13   241    500.00    107.00    118.001
X 10001      4210    700.00    112.001   25   361    600.00    107.00    118.001
X 10001      4210    700.00    112.001   37   481    700.00    107.00    118.001
X 10001      4310    700.00    114.001    1   121    500.00    107.00    118.001
X 10001      4310    700.00    114.001   13   241    600.00    107.00    118.001
X 10001      4310    700.00    114.001   25   361    700.00    107.00    118.001
X 10001      4310    700.00    114.001   37   481    800.00    107.00    118.001
X 10001      4410    700.00    116.001    1   121    600.00    107.00    118.001
X 10001      4410    700.00    116.001   13   241    700.00    107.00    118.001
X 10001      4410    700.00    116.001   25   361    800.00    107.00    118.001
X 10001      4410    700.00    116.001   37   481    900.00    107.00    118.001
X 10001      4510    700.00    118.001    1   121    700.00    107.00    118.001
X 10001      4510    700.00    118.001   13   241    800.00    107.00    118.001
X 10001      4510    700.00    118.001   25   361    900.00    107.00    118.001
X 10001      4510    700.00    118.001   37   481   1000.00    107.00    118.001
X 10001      4610    700.00    120.001    1   121    700.00    107.00    118.001
X 10001      4610    700.00    120.001   13   241    800.00    107.00    118.001
X 10001      4610    700.00    120.001   25   361    900.00    107.00    118.001
X 10001      4610    700.00    120.001   37   481   1000.00    107.00    118.001
X 10001      4710    900.00    102.001    1   121    100.00    111.00    122.001
X 10001      4710    900.00    102.001   13   241    200.00    111.00    122.001
X 10001      4710    900.00    102.001   25   361    300.00    111.00    122.001
X 10001      4710    900.00    102.001   37   481    400.00    111.00    122.001
X 10001      4810    900.00    104.001    1   121    100.00    111.00    122.001
X 10001      4810    900.00    104.001   13   241    200.00    111.00    122.001
X 10001      4810    900.00    104.001   25   361    300.00    111.00    122.001
X 10001      4810    900.00    104.001   37   481    400.00    111.00    122.001
X 10001      4910    900.00    106.001    1   121    200.00    111.00    122.001
X 10001      4910    900.00    106.001   13   241    300.00    111.00    122.001
X 10001      4910    900.00    106.001   25   361    400.00    111.00    122.001
X 10001      4910    900.00    106.001   37   481    500.00    111.00    122.001
X 10001      5010    900.00    108.001    1   121    300.00    111.00    122.001
X 10001      5010    900.00    108.001   13   241    400.00    111.00    122.001
X 10001      5010    900.00    108.001   25   361    500.00    111.00    122.001
X 10001      5010    900.00    108.001   37   481    600.00    111.00    122.001
X 10001      5110    900.00    110.001    1   121    400.00    111.00    122.001
X 10001      5110    900.00    110.001   13   241    500.00    111.00    122.001
X 10001      5110    900.00    110.001   25   361    600.00    111.00    122.001
X 10001      5110    900.00    110.001   37   481    700.00    111.00    122.001
X 10001      5210    900.00    112.001    1   121    400.00    111.00    122.001
X 10001      5210    900.00    112.001   13   241    500.00    111.00    122.001
X 10001      5210    900.00    112.001   25   361    600.00    111.00    122.001
X 10001      5210    900.00    112.001   37   481    700.00    111.00    122.001
X 10001      5310    900.00    114.001    1   121    500.00    111.00    122.001
X 10001      5310    900.00    114.001   13   241    600.00    111.00    122.001
X 10001      5310    900.00    114.001   25   361    700.00    111.00    122.001
X 10001      5310    900.00    114.001   37   481    800.00    111.00    122.001
X 10001      5410    900.00    116.001    1   121    600.00    111.00    122.001
X 10001      5410    900.00    116.001   13   241    700.00    111.00    122.001
X 10001      5410    900.00    116.001   25   361    800.00    111.00    122.001
X 10001      5410    900.00    116.001   37   481    900.00    111.00    122.001
X 10001      5510    900.00    118.001    1   121    700.00    111.00    122.001
X 10001      5510    900.00    118.001   13   241    800.00    111.00    122.001
X 10001      5510    900.00    118.001   25   361    900.00    111.00    122.001
X 10001      5510    900.00    118.001   37   481   1000.00    111.00    122.001
X 10001      5610    900.00    120.001    1   121    700.00    111.00    122.001
X 10001      5610    900.00    120.001   13   241    800.00    111.00    122.001
X 10001      5610    900.00    120.001   25   361    900.00    111.00    122.001
X 10001      5610    900.00    120.001   37   481   1000.00    111.00    122.001
X 10001      5710   1100.00    102.001    1   121    100.00    115.00    126.001
X 10001      5710   1100.00    102.001   13   241    200.00    115.00    126.001
X 10001      5710   1100.00    102.001   25   361    300.00    115.00    126.001
X 10001      5710   1100.00    102.001   37   481    400.00    115.00    126.001
X 10001      5810   1100.00    104.001    1   121    100.00    115.00    126.001
X 10001      5810   1100.00    104.001   13   241    200.00    115.00    126.001
X 10001      5810   1100.00    104.001   25   361    300.00    115.00    126.001
X 10001      5810   1100.00    104.001   37   481    400.00    115.00    126.001
X 10001      5910   1100.00    106.001    1   121    200.00    115.00    126.001
X 10001      5910   1100.00    106.001   13   241    300.00    115.00    126.001
X 10001      5910   1100.00    106.001   25   361    400.00    115.00    126.001
X 10001      5910   1100.00    106.001   37   481    500.00    115.00    126.001
X 10001      6010   1100.00    108.001    1   121    300.00    115.00    126.001
X 10001      6010   1100.00    108.001   13   241    400.00    115.00    126.001
X 10001      6010   1100.00    108.001   25   361    500.00    115.00    126.001
X 10001      6010   1100.00    108.001   37   481    600.00    115.00    126.001
X 10001      6110   1100.00    110.001    1   121    400.00    115.00    126.001
X 10001      6110   1100.00    110.001   13   241    500.00    115.00    126.001
X 10001      6110   1100.00    110.001   25   361    600.00    115.00    126.001
X 10001      6110   1100.00    110.001   37   481    700.00    115.00    126.001
X 10001      6210   1100.00    112.001    1   121    400.00    115.00    126.001
X 10001      6210   1100.00    112.001   13   241    500.00    115.00    126.001
X 10001      6210   1100.00    112.001   25   361    600.00    115.00    126.001
X 10001      6210   1100.00    112.001   37   481    700.00    115.00    126.001
X 10001      6310   1100.00    114.001    1   121    500.00    115.00    126.001
X 10001      6310   1100.00    114.001   13   241    600.00    115.00    126.001
X 10001      6310   1100.00    114.001   25   361    700.00    115.00    126.001
X 10001      6310   1100.00    114.001   37   481    800.00    115.00    126.001
X 10001      6410   1100.00    116.001    1   121    600.00    115.00    126.001
X 10001      6410   1100.00    116.001   13   241    700.00    115.00    126.001
X 10001      6410   1100.00    116.001   25   361    800.00    115.00    126.001
X 10001      6410   1100.00    116.001   37   481    900.00    115.00    126.001
X 10001      6510   1100.00    118.001    1   121    700.00    115.00    126.001
X 10001      6510   1100.00    118.001   13   241    800.00    115.00    126.001
X 10001      6510   1100.00    118.001   25   361    900.00    115.00    126.001
X 10001      6510   1100.00    118.001   37   481   1000.00    115.00    126.001
X 10001      6610   1100.00    120.001    1   121    700.00    115.00    126.001
X 10001      6610   1100.00    120.001   13   241    800.00    115.00    126.001
X 10001      6610   1100.00    120.001   25   361    900.00    115.00    126.001
X 10001      6610   1100.00    120.001   37   481   1000.00    115.00    126.001
X 10001      6710   1300.00    102.001    1   121    100.00    119.00    130.001
X 10001      6710   1300.00    102.001   13   241    200.00    119.00    130.001
X 10001      6710   1300.00    102.001   25   361    300.00    119.00    130.001
X 10001      6710   1300.00    102.001   37   481    400.00    119.00    130.001
X 10001      6810   1300.00    104.001    1   121    100.00    119.00    130.001
X 10001      6810   1300.00    104.001   13   241    200.00    119.00    130.001
X 10001      6810   1300.00    104.001   25   361    300.00    119.00    130.001
X 10001      6810   1300.00    104.001   37   481    400.00    119.00    130.001
X 10001      6910   1300.00    106.001    1   121    200.00    119.00    130.001
X 10001      6910   1300.00    106.001   13   241    300.00    119.00    130.001
X 10001      6910   1300.00    106.001   25   361    400.00    119.00    130.001
X 10001      6910   1300.00    106.001   37   481    500.00    119.00    130.001
X 10001      7010   1300.00    108.001    1   121    300.00    119.00    130.001
X 10001      7010   1300.00    108.001   13   241    400.00    119.00    130.001
X 10001      7010   1300.00    108.001   25   361    500.00    119.00    130.001
X 10001      7010   1300.00    108.001   37   481    600.00    119.00    130.001
X 10001      7110   1300.00    110.001    1   121    400.00    119.00    130.001
X 10001      7110   1300.00    110.001   13   241    500.00    119.00    130.001
X 10001      7110   1300.00    110.001   25   361    600.00    119.00    130.001
X 10001      7110   1300.00    110.001   37   481    700.00    119.00    130.001
X 10001      7210   1300.00    112.001    1   121    400.00    119.00    130.001
X 10001      7210   1300.00    112.001   13   241    500.00    119.00    130.001
X 10001      7210   1300.00    112.001   25   361    600.00    119.00    130.001
X 10001      7210   1300.00    112.001   37   481    700.00    119.00    130.001
X 10001      7310   1300.00    114.001    1   121    500.00    119.00    130.001
X 10001      7310   1300.00    114.001   13   241    600.00    119.00    130.001
X 10001      7310   1300.00    114.001   25   361    700.00    119.00    130.001
X 10001      7310   1300.00    114.001   37   481    800.00    119.00    130.001
X 10001      7410   1300.00    116.001    1   121    600.00    119.00    130.001
X 10001      7410   1300.00    116.001   13   241    700.00    119.00    130.001
X 10001      7410   1300.00    116.001   25   361    800.00    119.00    130.001
X 10001      7410   1300.00    116.001   37   481    900.00    119.00    130.001
X 10001      7510   1300.00    118.001    1   121    700.00    119.00    130.001
X 10001      7510   1300.00    118.001   13   241    800.00    119.00    130.001
X 10001      7510   1300.00    118.001   25   361    900.00    119.00    130.001
X 10001      7510   1300.00    118.001   37   481   1000.00    119.00    130.001
X 10001      7610   1300.00    120.001    1   121    700.00    119.00    130.001
X 10001      7610   1300.00    120.001   13   241    800.00    119.00    130.001
X 10001      7610   1300.00    120.001   25   361    900.00    119.00    130.001
X 10001      7610   1300.00    120.001   37   481   1000.00    119.00    130.001
X 10001      7710   1500.00    102.001    1   121    100.00    123.00    134.001
X 10001      7710   1500.00    102.001   13   241    200.00    123.00    134.001
X 10001      7710   1500.00    102.001   25   361    300.00    123.00    134.001
X 10001      7710   1500.00    102.001   37   481    400.00    123.00    134.001
X 10001      7810   1500.00    104.001    1   121    100.00    123.00    134.001
X 10001      7810   1500.00    104.001   13   241    200.00    123.00    134.001
X 10001      7810   1500.00    104.001   25   361    300.00    123.00    134.001
X 10001      7810   1500.00    104.001   37   481    400.00    123.00    134.001
X 10001      7910   1500.00    106.001    1   121    200.00    123.00    134.001
X 10001      7910   1500.00    106.001   13   241    300.00    123.00    134.001
X 10001      7910   1500.00    106.001   25   361    400.00    123.00    134.001
X 10001      7910   1500.00    106.001   37   481    500.00    123.00    134.001
X 10001      8010   1500.00    108.001    1   121    300.00    123.00    134.001
X 10001      8010   1500.00    108.001   13   241    400.00    123.00    134.001
X 10001      8010   1500.00    108.001   25   361    500.00    123.00    134.001
X 10001      8010   1500.00    108.001   37   481    600.00    123.00    134.001
X 10001      8110   1500.00    110.001    1   121    400.00    123.00    134.001
X 10001      8110   1500.00    110.001   13   241    500.00    123.00    134.001
X 10001      8110   1500.00    110.001   25   361    600.00    123.00    134.001
X 10001      8110   1500.00    110.001   37   481    700.00    123.00    134.001
X 10001      8210   1500.00    112.001    1   121    400.00    123.00    134.001
X 10001      8210   1500.00    112.001   13   241    500.00    123.00    134.001
X 10001      8210   1500.00    112.001   25   361    600.00    123.00    134.001
X 10001      8210   1500.00    112.001   37   481    700.00    123.00    134.001
X 10001      8310   1500.00    114.001    1   121    500.00    123.00    134.001
X 10001      8310   1500.00    114.001   13   241    600.00    123.00    134.001
X 10001      8310   1500.00    114.001   25   361    700.00    123.00    134.001
X 10001      8310   1500.00    114.001   37   481    800.00    123.00    134.001
X 10001      8410   1500.00    116.001    1   121    600.00    123.00    134.001
X 10001      8410   1500.00    116.001   13   241    700.00    123.00    134.001
X 10001      8410   1500.00    116.001   25   361    800.00    123.00    134.001
X 10001      8410   1500.00    116.001   37   481    900.00    123.00    134.001
X 10001      8510   1500.00    118.001    1   121    700.00    123.00    134.001
X 10001      8510   1500.00    118.001   13   241    800.00    123.00    134.001
X 10001      8510   1500.00    118.001   25   361    900.00    123.00    134.001
X 10001      8510   1500.00    118.001   37   481   1000.00    123.00    134.001
X 10001      8610   1500.00    120.001    1   121    700.00    123.00    134.001
X 10001      8610   1500.00    120.001   13   241    800.00    123.00    134.001
X 10001      8610   1500.00    120.001   25   361    900.00    123.00    134.001
X 10001      8610   1500.00    120.001   37   481   1000.00    123.00    134.001
X 10001      8710   1700.00    102.001    1   121    100.00    127.00    138.001
X 10001      8710   1700.00    102.001   13   241    200.00    127.00    138.001
X 10001      8710   1700.00    102.001   25   361    300.00    127.00    138.001
X 10001      8710   1700.00    102.001   37   481    400.00    127.00    138.001
X 10001      8810   1700.00    104.001    1   121    100.00    127.00    138.001
X 10001      8810   1700.00    104.001   13   241    200.00    127.00    138.001
X 10001      8810   1700.00    104.001   25   361    300.00    127.00    138.001
X 10001      8810   1700.00    104.001   37   481    400.00    127.00    138.001
X 10001      8910   1700.00    106.001    1   121    200.00    127.00    138.001
X 10001      8910   1700.00    106.001   13   241    300.00    127.00    138.001
X 10001      8910   1700.00    106.001   25   361    400.00    127.00    138.001
X 10001      8910   1700.00    106.001   37   481    500.00    127.00    138.001
X 10001      9010   1700.00    108.001    1   121    300.00    127.00    138.001
X 10001      9010   1700.00    108.001   13   241    400.00    127.00    138.001
X 10001      9010   1700.00    108.001   25   361    500.00    127.00    138.001
X 10001      9010   1700.00    108.001   37   481    600.00    127.00    138.001
X 10001      9110   1700.00    110.001    1   121    400.00    127.00    138.001
X 10001      9110   1700.00    110.001   13   241    500.00    127.00    138.001
X 10001      9110   1700.00    110.001   25   361    600.00    127.00    138.001
X 10001      9110   1700.00    110.001   37   481    700.00    127.00    138.001
X 10001      9210   1700.00    112.001    1   121    400.00    127.00    138.001
X 10001      9210   1700.00    112.001   13   241    500.00    127.00    138.001
X 10001      9210   1700.00    112.001   25   361    600.00    127.00    138.001
X 10001      9210   1700.00    112.001   37   481    700.00    127.00    138.001
X 10001      9310   1700.00    114.001    1   121    500.00    127.00    138.001
X 10001      9310   1700.00    114.001   13   241    600.00    127.00    138.001
X 10001      9310   1700.00    114.001   25   361    700.00    127.00    138.001
X 10001      9310   1700.00    114.001   37   481    800.00    127.00    138.001
X 10001      9410   1700.00    116.001    1   121    600.00    127.00    138.001
X 10001      9410   1700.00    116.001   13   241    700.00    127.00    138.001
X 10001      9410   1700.00    116.001   25   361    800.00    127.00    138.001
X 10001      9410   1700.00    116.001   37   481    900.00    127.00    138.001
X 10001      9510   1700.00    118.001    1   121    700.00    127.00    138.001
X 10001      9510   1700.00    118.001   13   241    800.00    127.00    138.001
X 10001      9510   1700.00    118.001   25   361    900.00    127.00    138.001
X 10001      9510   1700.00    118.001   37   481   1000.00    127.00    138.001
X 10001      9610   1700.00    120.001    1   121    700.00    127.00    138.001
X 10001      9610   1700.00    120.001   13   241    800.00    127.00    138.001
X 10001      9610   1700.00    120.001   25   361    900.00    127.00    138.001
X 10001      9610   1700.00    120.001   37   481   1000.00    127.00    138.001
X 10001      9710   1900.00    102.001    1   121    100.00    131.00    142.001
X 10001      9710   1900.00    102.001   13   241    200.00    131.00    142.001
X 10001      9710   1900.00    102.001   25   361    300.00    131.00    142.001
X 10001      9710   1900.00    102.001   37   481    400.00    131.00    142.001
X 10001      9810   1900.00    104.001    1   121    100.00    131.00    142.001
X 10001      9810   1900.00    104.001   13   241    200.00    131.00    142.001
X 10001      9810   1900.00    104.001   25   361    300.00    131.00    142.001
X 10001      9810   1900.00    104.001   37   481    400.00    131.00    142.001
X 10001      9910   1900.00    106.001    1   121    200.00    131.00    142.001
X 10001      9910   1900.00    106.001   13   241    300.00    131.00    142.001
X 10001      9910   1900.00    106.001   25   361    400.00    131.00    142.001
X 10001      9910   1900.00    106.001   37   481    500.00    131.00    142.001
X 10001     10010   1900.00    108.001    1   121    300.00    131.00    142.001
X 10001     10010   1900.00    108.001   13   241    400.00    131.00    142.001
X 10001     10010   1900.00    108.001   25   361    500.00    131.00    142.001
X 10001     10010   1900.00    108.001   37   481    600.00    131.00    142.001
X 10001     10110   1900.00    110.001    1   121    400.00    131.00    142.001
X 10001     10110   1900.00    110.001   13   241    500.00    131.00    142.001
X 10001     10110   1900.00    110.001   25   361    600.00    131.00    142.001
X 10001     10110   1900.00    110.001   37   481    700.00    131.00    142.001
X 10001     10210   1900.00    112.001    1   121    400.00    131.00    142.001
X 10001     10210   1900.00    112.001   13   241    500.00    131.00    142.001
X 10001     10210   1900.00    112.001   25   361    600.00    131.00    142.001
X 10001     10210   1900.00    112.001   37   481    700.00    131.00    142.001
X 10001     10310   1900.00    114.001    1   121    500.00    131.00    142.001
X 10001     10310   1900.00    114.001   13   241    600.00    131.00    142.001
X 10001     10310   1900.00    114.001   25   361    700.00    131.00    142.001
X 10001     10310   1900.00    114.001   37   481    800.00    131.00    142.001
X 10001     10410   1900.00    116.001    1   121    600.00    131.00    142.001
X 10001     10410   1900.00    116.001   13   241    700.00    131.00    142.001
X 10001     10410   1900.00    116.001   25   361    800.00    131.00    142.001
X 10001     10410   1900.00    116.001   37   481    900.00    131.00    142.001
X 10001     10510   1900.00    118.001    1   121    700.00    131.00    142.001
X 10001     10510   1900.00    118.001   13   241    800.00    131.00    142.001
X 10001     10510   1900.00    118.001   25   361    900.00    131.00    142.001
X 10001     10510   1900.00    118.001   37   481   1000.00    131.00    142.001
X 10001     10610   1900.00    120.001    1   121    700.00    131.00    142.001
X 10001     10610   1900.00    120.001   13   241    800.00    131.00    142.001
X 10001     10610   1900.00    120.001   25   361    900.00    131.00    142.001
X 10001     10610   1900.00    120.001   37   481   1000.00    131.00    142.001
X 10001     10710   2100.00    102.001    1   121    100.00    135.00    146.001
X 10001     10710   2100.00    102.001   13   241    200.00    135.00    146.001
X 10001     10710   2100.00    102.001   25   361    300.00    135.00    146.001
X 10001     10710   2100.00    102.001   37   481    400.00    135.00    146.001
X 10001     10810   2100.00    104.001    1   121    100.00    135.00    146.001
X 10001     10810   2100.00    104.001   13   241    200.00    135.00    146.001
X 10001     10810   2100.00    104.001   25   361    300.00    135.00    146.001
X 10001     10810   2100.00    104.001   37   481    400.00    135.00    146.001
X 10001     10910   2100.00    106.001    1   121    200.00    135.00    146.001
X 10001     10910   2100.00    106.001   13   241    300.00    135.00    146.001
X 10001     10910   2100.00    106.001   25   361    400.00    135.00    146.001
X 10001     10910   2100.00    106.001   37   481    500.00    135.00    146.001
X 10001     11010   2100.00    108.001    1   121    300.00    135.00    146.001
X 10001     11010   2100.00    108.001   13   241    400.00    135.00    146.001
X 10001     11010   2100.00    108.001   25   361    500.00    135.00    146.001
X 10001     11010   2100.00    108.001   37   481    600.00    135.00    146.001
X 10001     11110   2100.00    110.001    1   121    400.00    135.00    146.001
X 10001     11110   2100.00    110.001   13   241    500.00    135.00    146.001
X 10001     11110   2100.00    110.001   25   361    600.00    135.00    146.001
X 10001     11110   2100.00    110.001   37   481    700.00    135.00    146.001
X 10001     11210   2100.00    112.001    1   121    400.00    135.00    146.001
X 10001     11210   2100.00    112.001   13   241    500.00    135.00    146.001
X 10001     11210   2100.00    112.001   25   361    600.00    135.00    146.001
X 10001     11210   2100.00    112.001   37   481    700.00    135.00    146.001
X 10001     11310   2100.00    114.001    1   121    500.00    135.00    146.001
X 10001     11310   2100.00    114.001   13   241    600.00    135.00    146.001
X 10001     11310   2100.00    114.001   25   361    700.00    135.00    146.001
X 10001     11310   2100.00    114.001   37   481    800.00    135.00    146.001
X 10001     11410   2100.00    116.001    1   121    600.00    135.00    146.001
X 10001     11410   2100.00    116.001   13   241    700.00    135.00    146.001
X 10001     11410   2100.00    116.001   25   361    800.00    135.00    146.001
X 10001     11410   2100.00    116.001   37   481    900.00    135.00    146.001
X 10001     11510   2100.00    118.001    1   121    700.00    135.00    146.001
X 10001     11510   2100.00    118.001   13   241    800.00    135.00    146.001
X 10001     11510   2100.00    118.001   25   361    900.00    135.00    146.001
X 10001     11510   2100.00    118.001   37   481   1000.00    135.00    146.001
X 10001     11610   2100.00    120.001    1   121    700.00    135.00    146.001
X 10001     11610   2100.00    120.001   13   241    800.00    135.00    146.001
X 10001     11610   2100.00    120.001   25   361    900.00    135.00    146.001
X 10001     11610   2100.00    120.001   37   481   1000.00    135.00    146.001
X 10001     11710   2300.00    102.001    1   121    100.00    139.00    150.001
X 10001     11710   2300.00    102.001   13   241    200.00    139.00    150.001
X 10001     11710   2300.00    102.001   25   361    300.00    139.00    150.001
X 10001     11710   2300.00    102.001   37   481    400.00    139.00    150.001
X 10001     11810   2300.00    104.001    1   121    100.00    139.00    150.001
X 10001     11810   2300.00    104.001   13   241    200.00    139.00    150.001
X 10001     11810   2300.00    104.001   25   361    300.00    139.00    150.001
X 10001     11810   2300.00    104.001   37   481    400.00    139.00    150.001
X 10001     11910   2300.00    106.001    1   121    200.00    139.00    150.001
X 10001     11910   2300.00    106.001   13   241    300.00    139.00    150.001
X 10001     11910   2300.00    106.001   25   361    400.00    139.00    150.001
X 10001     11910   2300.00    106.001   37   481    500.00    139.00    150.001
X 10001     12010   2300.00    108.001    1   121    300.00    139.00    150.001
X 10001     12010   2300.00    108.001   13   241    400.00    139.00    150.001
X 10001     12010   2300.00    108.001   25   361    500.00    139.00    150.001
X 10001     12010   2300.00    108.001   37   481    600.00    139.00    150.001
X 10001     12110   2300.00    110.001    1   121    400.00    139.00    150.001
X 10001     12110   2300.00    110.001   13   241    500.00    139.00    150.001
X 10001     12110   2300.00    110.001   25   361    600.00    139.00    150.001
X 10001     12110   2300.00    110.001   37   481    700.00    139.00    150.001
X 10001     12210   2300.00    112.001    1   121    400.00    139.00    150.001
X 10001     12210   2300.00    112.001   13   241    500.00    139.00    150.001
X 10001     12210   2300.00    112.001   25   361    600.00    139.00    150.001
X 10001     12210   2300.00    112.001   37   481    700.00    139.00    150.001
X 10001     12310   2300.00    114.001    1   121    500.00    139.00    150.001
X 10001     12310   2300.00    114.001   13   241    600.00    139.00    150.001
X 10001     12310   2300.00    114.001   25   361    700.00    139.00    150.001
X 10001     12310   2300.00    114.001   37   481    800.00    139.00    150.001
X 10001     12410   2300.00    116.001    1   121    600.00    139.00    150.001
X 10001     12410   2300.00    116.001   13   241    700.00    139.00    150.001
X 10001     12410   2300.00    116.001   25   361    800.00    139.00    150.001
X 10001     12410   2300.00    116.001   37   481    900.00    139.00    150.001
X 10001     12510   2300.00    118.001    1   121    700.00    139.00    150.001
X 10001     12510   2300.00    118.001   13   241    800.00    139.00    150.001
X 10001     12510   2300.00    118.001   25   361    900.00    139.00    150.001
X 10001     12510   2300.00    118.001   37   481   1000.00    139.00    150.001
X 10001     12610   2300.00    120.001    1   121    700.00    139.00    150.001
X 10001     12610   2300.00    120.001   13   241    800.00    139.00    150.001
X 10001     12610   2300.00    120.001   25   361    900.00    139.00    150.001
X 10001     12610   2300.00    120.001   37   481   1000.00    139.00    150.001
X 10001     12710   2500.00    102.001    1   121    100.00    142.00    153.001
X 10001     12710   2500.00    102.001   13   241    200.00    142.00    153.001
X 10001     12710   2500.00    102.001   25   361    300.00    142.00    153.001
X 10001     12710   2500.00    102.001   37   481    400.00    142.00    153.001
X 10001     12810   2500.00    104.001    1   121    100.00    142.00    153.001
X 10001     12810   2500.00    104.001   13   241    200.00    142.00    153.001
X 10001     12810   2500.00    104.001   25   361    300.00    142.00    153.001
X 10001     12810   2500.00    104.001   37   481    400.00    142.00    153.001
X 10001     12910   2500.00    106.001    1   121    200.00    142.00    153.001
X 10001     12910   2500.00    106.001   13   241    300.00    142.00    153.001
X 10001     12910   2500.00    106.001   25   361    400.00    142.00    153.001
X 10001     12910   2500.00    106.001   37   481    500.00    142.00    153.001
X 10001     13010   2500.00    108.001    1   121    300.00    142.00    153.001
X 10001     13010   2500.00    108.001   13   241    400.00    142.00    153.001
X 10001     13010   2500.00    108.001   25   361    500.00    142.00    153.001
X 10001     13010   2500.00    108.001   37   481    600.00    142.00    153.001
X 10001     13110   2500.00    110.001    1   121    400.00    142.00    153.001
X 10001     13110   2500.00    110.001   13   241    500.00    142.00    153.001
X 10001     13110   2500.00    110.001   25   361    600.00    142.00    153.001
X 10001     13110   2500.00    110.001   37   481    700.00    142.00    153.001
X 10001     13210   2500.00    112.001    1   121    400.00    142.00    153.001
X 10001     13210   2500.00    112.001   13   241    500.00    142.00    153.001
X 10001     13210   2500.00    112.001   25   361    600.00    142.00    153.001
X 10001     13210   2500.00    112.001   37   481    700.00    142.00    153.001
X 10001     13310   2500.00    114.001    1   121    500.00    142.00    153.001
X 10001     13310   2500.00    114.001   13   241    600.00    142.00    153.001
X 10001     13310   2500.00    114.001   25   361    700.00    142.00    153.001
X 10001     13310   2500.00    114.001   37   481    800.00    142.00    153.001
X 10001     13410   2500.00    116.001    1   121    600.00    142.00    153.001
X 10001     13410   2500.00    116.001   13   241    700.00    142.00    153.001
X 10001     13410   2500.00    116.001   25   361    800.00    142.00    153.001
X 10001     13410   2500.00    116.001   37   481    900.00    142.00    153.001
X 10001     13510   2500.00    118.001    1   121    700.00    142.00    153.001
X 10001     13510   2500.00    118.001   13   241    800.00    142.00    153.001
X 10001     13510   2500.00    118.001   25   361    900.00    142.00    153.001
X 10001     13510   2500.00    118.001   37   481   1000.00    142.00    153.001
X 10001     13610   2500.00    120.001    1   121    700.00    142.00    153.001
X 10001     13610   2500.00    120.001   13   241    800.00    142.00    153.001
X 10001     13610   2500.00    120.001   25   361    900.00    142.00    153.001
X 10001     13610   2500.00    120.001   37   481   1000.00    142.00    153.001
X 10001     13710   2700.00    102.001    1   121    100.00    144.00    155.001
X 10001     13710   2700.00    102.001   13   241    200.00    144.00    155.001
X 10001     13710   2700.00    102.001   25   361    300.00    144.00    155.001
X 10001     13710   2700.00    102.001   37   481    400.00    144.00    155.001
X 10001     13810   2700.00    104.001    1   121    100.00    144.00    155.001
X 10001     13810   2700.00    104.001   13   241    200.00    144.00    155.001
X 10001     13810   2700.00    104.001   25   361    300.00    144.00    155.001
X 10001     13810   2700.00    104.001   37   481    400.00    144.00    155.001
X 10001     13910   2700.00    106.001    1   121    200.00    144.00    155.001
X 10001     13910   2700.00    106.001   13   241    300.00    144.00    155.001
X 10001     13910   2700.00    106.001   25   361    400.00    144.00    155.001
X 10001     13910   2700.00    106.001   37   481    500.00    144.00    155.001
X 10001     14010   2700.00    108.001    1   121    300.00    144.00    155.001
X 10001     14010   2700.00    108.001   13   241    400.00    144.00    155.001
X 10001     14010   2700.00    108.001   25   361    500.00    144.00    155.001
X 10001     14010   2700.00    108.001   37   481    600.00    144.00    155.001
X 10001     14110   2700.00    110.001    1   121    400.00    144.00    155.001
X 10001     14110   2700.00    110.001   13   241    500.00    144.00    155.001
X 10001     14110   2700.00    110.001   25   361    600.00    144.00    155.001
X 10001     14110   2700.00    110.001   37   481    700.00    144.00    155.001
X 10001     14210   2700.00    112.001    1   121    400.00    144.00    155.001
X 10001     14210   2700.00    112.001   13   241    500.00    144.00    155.001
X 10001     14210   2700.00    112.001   25   361    600.00    144.00    155.001
X 10001     14210   2700.00    112.001   37   481    700.00    144.00    155.001
X 10001     14310   2700.00    114.001    1   121    500.00    144.00    155.001
X 10001     14310   2700.00    114.001   13   241    600.00    144.00    155.001
X 10001     14310   2700.00    114.001   25   361    700.00    144.00    155.001
X 10001     14310   2700.00    114.001   37   481    800.00    144.00    155.001
X 10001     14410   2700.00    116.001    1   121    600.00    144.00    155.001
X 10001     14410   2700.00    116.001   13   241    700.00    144.00    155.001
X 10001     14410   2700.00    116.001   25   361    800.00    144.00    155.001
X 10001     14410   2700.00    116.001   37   481    900.00    144.00    155.001
X 10001     14510   2700.00    118.001    1   121    700.00    144.00    155.001
X 10001     14510   2700.00    118.001   13   241    800.00    144.00    155.001
X 10001     14510   2700.00    118.001   25   361    900.00    144.00    155.001
X 10001     14510   2700.00    118.001   37   481   1000.00    144.00    155.001
X 10001     14610   2700.00    120.001    1   121    700.00    144.00    155.001
X 10001     14610   2700.00    120.001   13   241    800.00    144.00    155.001
X 10001     14610   2700.00    120.001   25   361    900.00    144.00    155.001
X 10001     14610   2700.00    120.001   37   481   1000.00    144.00    155.001
